3.14072
3.13896
3.13884
3.13636
3.1412
3.1404
3.14712
3.13644
3.1422
3.13856
3.14436
3.14884
3.13512
3.13608
3.13636
3.1368
3.13964
3.13856
3.14592
3.14048
3.13916
3.14532
3.14004
3.1368
3.14316
3.1402
3.15408
3.14332
3.13732
3.14068
3.14432
3.14544
3.14188
3.13728
3.14544
3.13776
3.14396
3.14264
3.14732
3.14432
3.14068
3.1428
3.13876
3.1446
3.13652
3.13764
3.14972
3.13856
3.14804
3.14772
3.1498
3.14536
3.146
3.143
3.14388
3.1402
3.13948
3.13552
3.13984
3.14268
3.14176
3.14852
3.13208
3.14148
3.1444
3.14644
3.14876
3.1442
3.15012
3.14132
3.1372
3.14464
3.14332
3.14248
3.14864
3.14736
3.14452
3.14476
3.13452
3.14196
3.14028
3.1366
3.14224
3.13608
3.14684
3.13152
3.14316
3.14536
3.13888
3.12812
3.14404
3.1404
3.1404
3.14796
3.14648
3.14004
3.14144
3.14056
3.14428
3.13736
3.1376
3.13892
3.1358
3.1484
3.14932
3.14056
3.13284
3.1454
3.14152
3.14584
3.13568
3.13808
3.14936
3.14544
3.1398
3.15044
3.13896
3.1456
3.14168
3.1474
3.15036
3.14124
3.1414
3.13828
3.14528
3.14436
3.14476
3.13912
3.13784
3.14348
3.14232
3.14792
3.14756
3.13808
3.144
3.147
3.14608
3.14024
3.15008
3.13896
3.1404
3.142
3.14864
3.15224
3.1456
3.13536
3.14684
3.14452
3.14536
3.14024
3.14156
3.13876
3.14064
3.13892
3.14104
3.13892
3.15088
3.14004
3.13848
3.13724
3.14616
3.14344
3.1448
3.14424
3.13936
3.14488
3.14572
3.14496
3.13584
3.14188
3.14128
3.1404
3.1422
3.13724
3.14148
3.13848
3.13928
3.13832
3.14172
3.13756
3.13844
3.15256
3.13716
3.14408
3.14124
3.1482
3.13552
3.13428
3.13112
3.13512
3.13908
3.14304
3.14836
3.14048
3.13468
3.1366
3.14548
3.13808
3.14064
3.14904
3.14988
3.14048
3.14228
3.13824
3.14436
3.13996
3.14756
3.14152
3.14508
3.13876
3.14148
3.14808
3.13768
3.14192
3.13856
3.14524
3.13784
3.13368
3.12824
3.14352
3.13484
3.14576
3.138
3.13504
3.14856
3.1484
3.1458
3.13848
3.15004
3.14128
3.13756
3.14884
3.15208
3.1458
3.14784
3.1498
3.14108
3.13452
3.13972
3.1462
3.1494
3.14672
3.14384
3.14736
3.14696
3.13852
3.148
3.14492
3.1376
3.14744
3.14808
3.15324
3.14148
3.13884
3.13264
3.1426
3.1382
3.1404
3.13916
3.14552
3.14644
3.1336
3.13068
3.14308
3.14192
3.1472
3.14592
3.13376
3.14768
3.14572
3.14588
3.14528
3.14576
3.13804
3.1348
3.13848
3.14068
3.13496
3.14652
3.14256
3.14316
3.13608
3.14072
3.14228
3.14508
3.13812
3.14804
3.13908
3.1334
3.14152
3.1294
3.14024
3.14972
3.13852
3.1518
3.14256
3.13484
3.14816
3.13772
3.14196
3.13492
3.13776
3.14412
3.15092
3.14908
3.1474
3.14948
3.14372
3.14596
3.13784
3.14224
3.13636
3.14536
3.14132
3.1464
3.14908
3.145
3.1402
3.1392
3.14296
3.13644
3.13968
3.13684
3.1376
3.1458
3.14892
3.13548
3.14084
3.1396
3.14496
3.14292
3.13992
3.14328
3.13664
3.14048
3.13732
3.14104
3.1394
3.14008
3.14076
3.14888
3.14708
3.14956
3.14276
3.1448
3.13928
3.13596
3.14492
3.14552
3.13604
3.14744
3.14668
3.13948
3.15076
3.13408
3.13744
3.14204
3.14544
3.15132
3.13608
3.13852
3.14352
3.14296
3.14224
3.14532
3.14648
3.14044
3.14908
3.15428
3.1498
3.1432
3.14004
3.14548
3.1442
3.14728
3.1304
3.14172
3.14584
3.13216
3.13976
3.14488
3.1444
3.1238
3.13712
3.134
3.14168
3.14216
3.14788
3.1398
3.13652
3.1422
3.13924
3.1408
3.14136
3.14804
3.14096
3.1448
3.14076
3.14104
3.13736
3.14132
3.14736
3.14384
3.14324
3.13944
3.13584
3.14568
3.14284
3.1384
3.14448
3.14124
3.13616
3.14184
3.15096
3.143
3.13952
3.13536
3.13576
3.14812
3.14028
3.14108
3.13712
3.14608
3.14708
3.13324
3.13592
3.14004
3.14656
3.14292
3.14812
3.15012
3.14652
3.13944
3.12972
3.15332
3.14524
3.1436
3.13992
3.14372
3.13736
3.14272
3.14408
3.14124
3.14616
3.144
3.14016
3.14136
3.14836
3.13912
3.14408
3.1448
3.1396
3.15152
3.13492
3.14912
3.13632
3.14172
3.14148
3.1442
3.14584
3.14156
3.13748
3.13712
3.14212
3.14332
3.14356
3.14264
3.15
3.15096
3.1376
3.13548
3.15084
3.13952
3.14028
3.14208
3.14564
3.15108
3.1462
3.14644
3.13972
3.14988
3.14252
3.1486
3.15248
3.13344
3.14344
3.149
3.14944
3.144
3.14464
3.146
3.14676
3.1416
3.1372
3.14308
3.13576
3.1474
3.1486
3.143
3.14308
3.14484
3.14552
3.15412
3.13956
3.13608
3.13596
3.13848
3.1444
3.13944
3.15052
3.15012
3.143
3.14736
3.13632
3.14008
3.14124
3.14616
3.1372
3.14176
3.14052
3.1344
3.14604
3.14672
3.15132
3.1428
3.14284
3.14328
3.14352
3.133
3.13152
3.13632
3.13356
3.13996
3.14148
3.14456
3.14824
3.1396
3.1448
3.14368
3.13564
3.13204
3.142
3.14184
3.13912
3.14256
3.14188
3.13492
3.13636
3.14204
3.14304
3.14028
3.1414
3.14316
3.13672
3.13832
3.13264
3.137
3.13744
3.14272
3.14164
3.143
3.13892
3.137
3.14308
3.14932
3.13648
3.14884
3.14924
3.14888
3.14448
3.14416
3.14316
3.14528
3.13512
3.145
3.14116
3.14636
3.1428
3.14484
3.1354
3.13196
3.14536
3.14308
3.14944
3.1364
3.13964
3.13764
3.14556
3.13492
3.13372
3.14004
3.14716
3.14816
3.13384
3.14324
3.1472
3.13848
3.14148
3.13652
3.1398
3.134
3.13824
3.14188
3.13988
3.1358
3.1404
3.15412
3.1378
3.14624
3.14608
3.14372
3.14704
3.14368
3.1332
3.14104
3.14488
3.13372
3.14656
3.14972
3.14492
3.13292
3.14116
3.14636
3.15404
3.14092
3.13864
3.13876
3.14496
3.14848
3.14536
3.14752
3.14388
3.14744
3.14804
3.14168
3.138
3.13976
3.138
3.14552
3.14324
3.13812
3.14344
3.14196
3.14024
3.1374
3.14912
3.13676
3.13396
3.14884
3.1418
3.1434
3.1396
3.1464
3.13912
3.1296
3.13924
3.1358
3.13632
3.1508
3.1386
3.14012
3.15996
3.13604
3.14796
3.1412
3.13724
3.14248
3.1404
3.14584
3.14364
3.14012
3.14736
3.1422
3.13748
3.1446
3.14236
3.14592
3.13884
3.14204
3.14136
3.14008
3.13496
3.13336
3.14464
3.1412
3.1484
3.14344
3.14032
3.15248
3.14344
3.14028
3.14204
3.13648
3.14068
3.14372
3.13212
3.13476
3.128
3.14052
3.13152
3.14716
3.14984
3.13288
3.15112
3.14872
3.13692
3.14284
3.12936
3.14508
3.14424
3.1406
3.13456
3.14504
3.13828
3.14552
3.13372
3.14784
3.1486
3.1438
3.14972
3.13748
3.13996
3.13656
3.14252
3.1458
3.1382
3.13852
3.13648
3.13164
3.13604
3.1384
3.13908
3.14388
3.13916
3.14396
3.1392
3.13484
3.13864
3.13748
3.13812
3.13676
3.1416
3.14108
3.14284
3.14344
3.14432
3.1472
3.13208
3.14256
3.13796
3.14116
3.14904
3.13952
3.14072
3.13872
3.136
3.14304
3.14056
3.14304
3.1326
3.13592
3.1322
3.14108
3.142
3.14636
3.13548
3.14552
3.14056
3.13948
3.14104
3.13588
3.13836
3.13932
3.14048
3.14412
3.14696
3.13592
3.14196
3.13384
3.14344
3.139
3.15308
3.14808
3.15104
3.14424
3.13496
3.13808
3.13588
3.13368
3.14264
3.154
3.135
3.14072
3.14464
3.13956
3.14712
3.14696
3.14396
3.13508
3.14
3.137
3.13904
3.14416
3.1466
3.13912
3.1354
3.12856
3.13684
3.13856
3.13852
3.13324
3.14424
3.14516
3.14932
3.13852
3.14716
3.14848
3.1384
3.13272
3.13544
3.14064
3.14784
3.13656
3.1376
3.14496
3.13
3.1482
3.1436
3.14132
3.13064
3.13828
3.13444
3.14428
3.14572
3.14896
3.1402
3.13312
3.14148
3.14196
3.14244
3.13416
3.14384
3.13812
3.13612
3.14108
3.1412
3.14588
3.14576
3.14288
3.14756
3.1326
3.14268
3.13784
3.13856
3.1488
3.1454
3.14628
3.13968
3.15024
3.14288
3.13896
3.14224
3.14992
3.13232
3.14332
3.14932
3.14296
3.14188
3.14648
3.15216
3.13844
3.14152
3.13984
3.14324
3.13164
3.12944
3.15028
3.13792
3.13872
3.14496
3.13648
3.14456
3.15112
3.14608
3.15344
3.1366
3.14044
3.13696
3.13856
3.14016
3.1358
3.13344
3.13588
3.14784
3.14412
3.1394
3.13848
3.1396
3.13912
3.15132
3.14116
3.13912
3.13764
3.14544
3.14632
3.14388
3.14456
3.14244
3.15192
3.15044
3.13016
3.13532
3.14032
3.1466
3.13792
3.1482
3.143
3.139
3.1362
3.1396
3.14968
3.1314
3.14704
3.1382
3.13872
3.1442
3.14192
3.13524
3.13768
3.13276
3.13632
3.13524
3.14528
3.13188
3.14276
3.14088
3.14564
3.15272
3.14428
3.14768
3.13516
3.13988
3.132
3.14372
3.13792
3.14308
3.1404
3.14784
3.14132
3.143
3.14936
3.15208
3.13944
3.13264
3.14228
3.15132
3.12992
3.14928
3.14936
3.14224
3.1428
3.13504
3.1402
3.13916
3.1452
3.14236
3.14576
3.14448
3.139
3.1416
3.1466
3.14084
3.13756
3.14424
3.142
3.1432
3.1294
3.13776
3.14664
3.14348
3.13856
3.14456
3.13812
3.12876
3.14384
3.14336
3.13752
3.136
3.14172
3.14752
3.14008
3.14352
3.14276
3.146
3.14988
3.14184
3.13508
3.15368
3.1412
3.14504
3.14636
3.1376
3.14584
3.14272
3.14356
3.13112
3.1408
3.1398
3.14112
3.14292
3.1414
3.13304
3.14068
3.13596
3.13748
3.14232
3.13272
3.13956
3.14028
3.141
3.14228
3.1394
3.13848
3.14616
3.15308
3.14232
3.14344
3.14224
3.13944
3.14316
3.14044
3.14432
3.1428
3.14116
3.13944
3.14184
3.14048
3.1482
3.136
3.14756
3.14732
3.13856
3.13224
3.1398
3.13608
3.1406
3.1416
3.1432
3.14328
3.14948
3.14216
3.14396
3.1442
3.14716
3.14
3.13476
3.13244
3.14156
3.13908
3.14948
3.1364
3.14456
3.13868
3.14152
3.13548
3.13768
3.13016
3.14624
3.14712
3.14204
3.13616
3.13244
3.1432
3.13596
3.13844
3.13932
3.15156
3.14672
3.1392
3.14288
3.13596
3.15084
3.1514
3.14544
3.14548
3.14184
3.13952
3.14772
3.14904
3.14036
3.13912
3.13304
3.14488
3.14608
3.14084
3.14196
3.14232
3.14028
3.13732
3.13896
3.13212
3.13476
3.13628
3.14784
3.14228
3.13576
3.14556
3.13792
3.14488
3.14804
3.15176
3.14232
3.1414
3.1422
3.13864
3.13912
3.13228
3.14412
3.1462
3.1432
3.14948
3.12552
3.14052
3.13544
3.1344
3.13568
3.1384
3.13088
3.1352
3.14048
3.14376
3.14276
3.14488
3.14944
3.13376
3.14204
3.13988
3.14124
3.14228
3.13868
3.13888
3.1386
3.15892
3.13852
3.14196
3.14612
3.14108
3.13716
3.13988
3.14208
3.13612
3.15212
3.15276
3.14388
3.14444
3.14388
3.13784
3.1452
3.14376
3.14732
3.13928
3.14208
3.13868
3.1422
3.14832
3.1396
3.1504
3.15148
3.14024
3.14288
3.1338
3.14344
3.13284
3.13988
3.14188
3.14616
3.13828
3.13884
3.13768
3.14112
3.1424
3.14372
3.14148
3.13896
3.13712
3.13228
3.13816
3.13484
3.14048
3.14348
3.12988
3.14628
3.15056
3.14332
3.1454
3.13864
3.13844
3.14124
3.1378
3.14712
3.13676
3.15328
3.13804
3.13428
3.145
3.14244
3.13652
3.14612
3.14496
3.13816
3.13732
3.13972
3.14356
3.13728
3.13908
3.14228
3.13776
3.14444
3.14288
3.13972
3.14036
3.13876
3.13584
3.14156
3.13668
3.14388
3.13928
3.14388
3.14192
3.13532
3.13456
3.14716
3.14452
3.14228
3.14928
3.14072
3.14652
3.1416
3.14696
3.14008
3.14456
3.15348
3.13952
3.13884
3.1422
3.14068
3.14484
3.13656
3.14128
3.1372
3.14364
3.13844
3.14032
3.13852
3.14132
3.13056
3.147
3.14244
3.14284
3.14716
3.142
3.15692
3.1426
3.14732
3.13608
3.14352
3.1288
3.14328
3.14892
3.1438
3.144
3.14456
3.14276
3.1384
3.144
3.14504
3.13924
3.14608
3.14332
3.14012
3.1316
3.1492
3.13476
3.13736
3.14612
3.13408
3.13644
3.144
3.13692
3.13688
3.149
3.13772
3.14128
3.14196
3.13976
3.14548
3.13436
3.146
3.1316
3.13868
3.13756
3.14112
3.14108
3.14272
3.14068
3.14668
3.14976
3.13824
3.14
3.1384
3.14652
3.14704
3.1376
3.13956
3.1426
3.13464
3.14904
3.13504
3.15016
3.1404
3.13632
3.14396
3.13848
3.14432
3.13752
3.13372
3.13884
3.14468
3.14316
3.13204
3.138
3.14928
3.13412
3.14188
3.13824
3.14616
3.14032
3.13924
3.14288
3.14268
3.14636
3.14612
3.14172
3.14208
3.14524
3.14236
3.14748
3.14668
3.13608
3.1454
3.13208
3.14108
3.13476
3.14772
3.135
3.14704
3.1476
3.14792
3.14264
3.1462
3.14472
3.13828
3.14496
3.14448
3.1386
3.14352
3.14416
3.13292
3.14036
3.14616
3.1268
3.14056
3.14472
3.1442
3.1432
3.14968
3.13532
3.14604
3.14184
3.15048
3.1372
3.15112
3.13668
3.1484
3.14464
3.14724
3.14416
3.14976
3.13628
3.14564
3.13904
3.14724
3.15132
3.14364
3.1414
3.14768
3.14392
3.13904
3.14064
3.14904
3.14836
3.13684
3.14688
3.14592
3.13776
3.13256
3.1384
3.14024
3.13324
3.13588
3.14256
3.13792
3.14796
3.13172
3.13856
3.1442
3.14512
3.14956
3.14612
3.14596
3.14608
3.1366
3.13164
3.1462
3.15072
3.13444
3.14572
3.1446
3.13452
3.14544
3.14332
3.1436
3.13856
3.14732
3.1354
3.14816
3.14764
3.14956
3.14316
3.14208
3.14268
3.12932
3.13824
3.13632
3.1458
3.14808
3.13712
3.135
3.13828
3.14048
3.1392
3.13728
3.14812
3.13932
3.14208
3.14168
3.13128
3.13996
3.14788
3.13484
3.14756
3.14384
3.14864
3.14588
3.14532
3.1394
3.14252
3.1468
3.1432
3.1396
3.14228
3.14268
3.13652
3.14232
3.13696
3.14244
3.14552
3.1332
3.1416
3.13996
3.14116
3.1372
3.13648
3.14132
3.14424
3.13608
3.14148
3.13884
3.13644
3.1394
3.13508
3.1464
3.13912
3.14052
3.14456
3.1532
3.144
3.14808
3.14604
3.14832
3.13836
3.137
3.14268
3.14336
3.13412
3.14188
3.14752
3.14476
3.13668
3.13716
3.14232
3.1516
3.13488
3.14148
3.13852
3.13292
3.13752
3.14152
3.1454
3.14812
3.14276
3.14748
3.1446
3.1388
3.13612
3.14348
3.1496
3.14136
3.14504
3.13044
3.14276
3.14912
3.14624
3.1422
3.14464
3.1414
3.15144
3.1376
3.14156
3.14556
3.1438
3.13556
3.14084
3.14228
3.13352
3.13024
3.13956
3.145
3.14668
3.1442
3.13248
3.14616
3.14448
3.13924
3.15096
3.13992
3.13092
3.15012
3.1302
3.14108
3.14148
3.1492
3.13676
3.14216
3.14284
3.13592
3.13956
3.14472
3.13872
3.14404
3.14228
3.14076
3.13996
3.13688
3.14584
3.13908
3.14684
3.13088
3.14144
3.14044
3.14156
3.14196
3.15144
3.13824
3.144
3.13952
3.1526
3.14524
3.14464
3.14336
3.14332
3.14316
3.14868
3.14016
3.13488
3.14184
3.14384
3.1428
3.1482
3.12676
3.13548
3.14068
3.1452
3.13856
3.13376
3.14576
3.14352
3.14208
3.14008
3.13656
3.1418
3.15084
3.14356
3.1398
3.13028
3.14108
3.139
3.13696
3.13596
3.14588
3.14324
3.14152
3.143
3.1396
3.13956
3.13884
3.14344
3.14724
3.1428
3.14784
3.13348
3.13976
3.13712
3.1434
3.14124
3.14336
3.14196
3.14548
3.14
3.14068
3.1392
3.14716
3.14332
3.14564
3.1394
3.14164
3.1434
3.142
3.12436
3.13652
3.13856
3.14292
3.15108
3.14404
3.1426
3.13864
3.1354
3.13468
3.14616
3.13784
3.14232
3.13988
3.14504
3.14352
3.1418
3.14508
3.13628
3.1414
3.13768
3.15044
3.14044
3.14368
3.1424
3.13536
3.13136
3.13868
3.15244
3.13972
3.1476
3.14404
3.14776
3.14696
3.14832
3.1446
3.14516
3.12908
3.14116
3.13648
3.14736
3.1402
3.13924
3.1412
3.141
3.14788
3.14124
3.14252
3.15072
3.13984
3.14656
3.15292
3.14456
3.1414
3.14656
3.14356
3.15236
3.14176
3.13828
3.14788
3.13768
3.144
3.14392
3.14032
3.14956
3.1392
3.1506
3.13372
3.14144
3.14304
3.14496
3.14628
3.1476
3.13968
3.13316
3.14684
3.14104
3.14096
3.1498
3.14248
3.14544
3.14656
3.14712
3.14028
3.13188
3.14116
3.14096
3.14872
3.13856
3.13324
3.14772
3.14144
3.13908
3.14764
3.13984
3.14368
3.14008
3.14608
3.14484
3.1434
3.13088
3.14648
3.14344
3.14788
3.13452
3.13676
3.14704
3.1356
3.15172
3.1352
3.14284
3.14124
3.14028
3.14276
3.14812
3.14492
3.13788
3.1404
3.14484
3.1442
3.14256
3.13244
3.14404
3.15092
3.14632
3.14168
3.14616
3.148
3.1382
3.13008
3.14844
3.14224
3.14652
3.15312
3.14412
3.14612
3.13384
3.15012
3.13996
3.13768
3.13828
3.1424
3.1436
3.13924
3.13756
3.13456
3.13284
3.146
3.142
3.14228
3.14492
3.1452
3.143
3.14448
3.15016
3.14796
3.14164
3.14928
3.14036
3.14192
3.1392
3.13408
3.13248
3.14376
3.13688
3.14184
3.13748
3.13332
3.13432
3.14144
3.14792
3.14416
3.14732
3.13608
3.13848
3.14052
3.13708
3.1418
3.14532
3.14512
3.13916
3.14636
3.14824
3.13996
3.13864
3.14604
3.14288
3.13616
3.13076
3.14508
3.13948
3.14604
3.1516
3.14208
3.14572
3.1408
3.15152
3.13288
3.14212
3.14592
3.14088
3.14072
3.14908
3.1422
3.14588
3.14476
3.14492
3.1396
3.13792
3.14792
3.1424
3.1338
3.13656
3.1362
3.1424
3.13456
3.14756
3.1484
3.135
3.13476
3.14316
3.14288
3.1364
3.14308
3.13056
3.14648
3.14332
3.14964
3.14532
3.14156
3.14188
3.14424
3.13924
3.14776
3.13956
3.1432
3.13988
3.14696
3.14576
3.1424
3.14644
3.13788
3.13268
3.14152
3.1358
3.13692
3.1262
3.14324
3.14772
3.13216
3.13464
3.1428
3.14468
3.1506
3.14092
3.13928
3.13644
3.1472
3.14932
3.14328
3.1412
3.13912
3.13596
3.13848
3.135
3.14112
3.14212
3.14824
3.14352
3.13992
3.13932
3.14036
3.13712
3.13824
3.14108
3.14416
3.14772
3.14168
3.138
3.14312
3.15
3.1412
3.1298
3.1468
3.14412
3.1426
3.13992
3.14396
3.13852
3.14736
3.13692
3.15128
3.14756
3.1482
3.13672
3.14304
3.14268
3.13736
3.14812
3.14208
3.15228
3.1404
3.14004
3.13784
3.1454
3.14088
3.14276
3.15172
3.13952
3.14412
3.15224
3.1408
3.14456
3.14776
3.14048
3.13876
3.1448
3.1428
3.14576
3.14372
3.1448
3.13352
3.13568
3.14088
3.1388
3.14908
3.13936
3.14144
3.13464
3.1466
3.14528
3.1482
3.13956
3.14144
3.1344
3.12732
3.13864
3.14744
3.14048
3.14536
3.14324
3.1346
3.15272
3.14312
3.14488
3.143
3.13812
3.13776
3.14756
3.13948
3.13964
3.14292
3.14068
3.14276
3.14276
3.14108
3.13964
3.13616
3.13384
3.1346
3.14904
3.13308
3.14756
3.14372
3.13972
3.14112
3.1298
3.1306
3.1422
3.13832
3.13592
3.13944
3.13352
3.15464
3.16068
3.12576
3.14612
3.14408
3.14928
3.13584
3.1306
3.14828
3.14176
3.13784
3.1378
3.14068
3.13684
3.14528
3.14584
3.13952
3.14148
3.13132
3.13404
3.13608
3.14136
3.1492
3.14284
3.1394
3.13672
3.14216
3.14044
3.1394
3.14784
3.14812
3.1494
3.15156
3.14688
3.14396
3.1484
3.14628
3.143
3.14292
3.15032
3.1442
3.14112
3.15016
3.14672
3.14404
3.14872
3.14132
3.13992
3.13728
3.15684
3.14964
3.14868
3.13932
3.14688
3.13392
3.13444
3.15028
3.1366
3.13456
3.15408
3.14088
3.13952
3.13312
3.1406
3.14436
3.14684
3.14004
3.15132
3.13588
3.14764
3.15096
3.1418
3.14184
3.14436
3.14372
3.129
3.14172
3.14208
3.14652
3.14748
3.1542
3.144
3.14916
3.13736
3.13444
3.15592
3.14184
3.13584
3.13284
3.14728
3.14536
3.13964
3.14552
3.1468
3.13704
3.1434
3.13772
3.14312
3.13808
3.15268
3.137
3.14668
3.14508
3.14944
3.14204
3.13072
3.15004
3.13664
3.1434
3.13856
3.14768
3.13056
3.14248
3.14116
3.13636
3.14
3.15132
3.1338
3.13952
3.14608
3.14804
3.14556
3.13208
3.139
3.14412
3.13708
3.14724
3.14256
3.14364
3.14172
3.144
3.136
3.14164
3.14056
3.13928
3.14112
3.1462
3.14148
3.14932
3.14168
3.1428
3.13768
3.1412
3.14564
3.13404
3.14896
3.1472
3.14992
3.14376
3.13852
3.14236
3.1338
3.14644
3.13932
3.14908
3.143
3.14684
3.13296
3.14552
3.1344
3.13344
3.1456
3.15148
3.1506
3.14452
3.14616
3.13872
3.14272
3.14792
3.13668
3.14264
3.14392
3.14412
3.13632
3.13352
3.13248
3.14148
3.13336
3.12708
3.14644
3.14068
3.1364
3.13772
3.1494
3.14976
3.1298
3.13964
3.13524
3.13912
3.13876
3.15016
3.14868
3.13944
3.142
3.14224
3.15172
3.14236
3.13276
3.14656
3.14004
3.13768
3.14664
3.14372
3.1366
3.14048
3.146
3.13568
3.14628
3.13832
3.1438
3.13968
3.13148
3.14072
3.13424
3.14092
3.14192
3.13988
3.1424
3.14384
3.14272
3.14252
3.14468
3.13424
3.13392
3.13936
3.14592
3.13936
3.1478
3.1362
3.14748
3.14104
3.13832
3.14748
3.14044
3.14916
3.15416
3.1418
3.1534
3.14472
3.1464
3.15188
3.14276
3.13912
3.13884
3.13456
3.14488
3.13672
3.13452
3.13996
3.14408
3.13828
3.14724
3.14268
3.13648
3.14212
3.141
3.15112
3.14364
3.13836
3.14544
3.13188
3.12988
3.13896
3.13592
3.13948
3.1532
3.1428
3.13924
3.13592
3.14896
3.1388
3.13592
3.13368
3.14296
3.13724
3.15192
3.14348
3.14836
3.13872
3.14716
3.1392
3.1374
3.13992
3.13992
3.1392
3.14092
3.14464
3.138
3.13884
3.14184
3.13872
3.13768
3.14232
3.1322
3.13936
3.141
3.1386
3.14364
3.145
3.14868
3.15048
3.13596
3.14008
3.14576
3.14156
3.14464
3.1358
3.1446
3.14776
3.1452
3.14308
3.14264
3.13668
3.13488
3.14076
3.14704
3.1422
3.15772
3.13572
3.14
3.14468
3.13756
3.14432
3.14528
3.14004
3.14956
3.14964
3.13948
3.14636
3.14392
3.15492
3.14416
3.14152
3.14368
3.13736
3.1504
3.14788
3.13092
3.14564
3.14412
3.13652
3.12928
3.14264
3.14056
3.134
3.14516
3.14192
3.14568
3.14056
3.14712
3.14748
3.14504
3.13864
3.13952
3.14064
3.13356
3.13796
3.14212
3.14676
3.1394
3.15036
3.13276
3.13676
3.13404
3.13732
3.1336
3.14348
3.1442
3.14276
3.1402
3.13596
3.14028
3.14728
3.146
3.13988
3.13096
3.144
3.14316
3.1508
3.1374
3.14272
3.14904
3.1302
3.14472
3.14172
3.14564
3.14688
3.14024
3.14452
3.138
3.1376
3.13832
3.13904
3.13932
3.14248
3.13992
3.14372
3.14412
3.14056
3.1522
3.14468
3.14068
3.142
3.14136
3.14396
3.13996
3.1484
3.13528
3.14432
3.1394
3.145
3.14152
3.13464
3.14064
3.14912
3.145
3.14016
3.13564
3.13024
3.12648
3.1324
3.14724
3.13404
3.13612
3.13152
3.13836
3.15272
3.14316
3.13984
3.14692
3.13756
3.14632
3.14004
3.14484
3.14516
3.1548
3.13984
3.14416
3.13636
3.14492
3.12984
3.137
3.15264
3.13356
3.13696
3.13816
3.13772
3.1428
3.14424
3.14588
3.13184
3.13568
3.14276
3.15192
3.14232
3.13692
3.14948
3.14004
3.13884
3.13324
3.14568
3.146
3.13916
3.14124
3.13948
3.1452
3.13692
3.13212
3.15436
3.1448
3.14116
3.1432
3.14652
3.14316
3.14892
3.13756
3.14144
3.14028
3.13596
3.14108
3.1428
3.13736
3.14496
3.13636
3.14432
3.13548
3.14176
3.13704
3.13628
3.13428
3.15008
3.13544
3.14984
3.14404
3.14556
3.1324
3.14172
3.1466
3.14092
3.13684
3.14412
3.1478
3.14272
3.152
3.1424
3.13536
3.14608
3.13304
3.12968
3.13324
3.139
3.14272
3.13708
3.14744
3.1392
3.13984
3.14116
3.14076
3.13676
3.13488
3.14284
3.13752
3.136
3.13752
3.1424
3.151
3.14368
3.14248
3.14964
3.14492
3.14184
3.1432
3.13928
3.1386
3.13136
3.14404
3.13832
3.14228
3.14716
3.14392
3.14008
3.14448
3.14272
3.14196
3.14124
3.14172
3.14388
3.1424
3.1424
3.13484
3.14432
3.14284
3.13516
3.13604
3.13944
3.13772
3.14232
3.1438
3.14436
3.1426
3.13952
3.15416
3.14308
3.13612
3.1442
3.13576
3.1346
3.1502
3.126
3.14268
3.1384
3.14136
3.131
3.14396
3.13744
3.15376
3.1424
3.1404
3.13304
3.14368
3.15104
3.14556
3.14072
3.13448
3.14288
3.13572
3.13456
3.13824
3.13956
3.13996
3.13756
3.13216
3.12568
3.14676
3.1526
3.13104
3.14596
3.1366
3.1434
3.13724
3.14568
3.14652
3.13616
3.13804
3.13168
3.14112
3.14992
3.14196
3.15088
3.14248
3.13704
3.145
3.14188
3.1414
3.14344
3.13824
3.14392
3.1492
3.14688
3.13988
3.13212
3.13992
3.13268
3.14408
3.1438
3.13932
3.1382
3.1368
3.1396
3.14252
3.13704
3.13612
3.13612
3.14172
3.14316
3.14264
3.13988
3.13776
3.1392
3.13632
3.14752
3.14484
3.14104
3.15292
3.1454
3.14788
3.13852
3.14604
3.14388
3.14696
3.14152
3.14336
3.13276
3.1376
3.13728
3.14376
3.13192
3.1292
3.13444
3.13984
3.15324
3.13752
3.14144
3.1364
3.13636
3.15112
3.13916
3.14312
3.13508
3.1484
3.14424
3.13452
3.137
3.14132
3.14672
3.14272
3.14808
3.1364
3.14064
3.14308
3.13564
3.14076
3.13172
3.14096
3.13964
3.14464
3.13928
3.14624
3.14368
3.13872
3.14208
3.14404
3.14668
3.14256
3.14072
3.14424
3.14268
3.14292
3.14384
3.14428
3.1366
3.14364
3.13524
3.14624
3.15024
3.14116
3.1438
3.1426
3.13124
3.14064
3.13932
3.14248
3.14168
3.14232
3.14128
3.13956
3.13516
3.13516
3.13628
3.14176
3.13924
3.13756
3.1388
3.1548
3.13924
3.14508
3.15164
3.14252
3.13188
3.14872
3.14228
3.13276
3.14212
3.14156
3.14836
3.14588
3.13872
3.14656
3.13768
3.14132
3.13732
3.14456
3.14128
3.13484
3.14148
3.13712
3.13948
3.14124
3.14356
3.13408
3.14784
3.13244
3.13964
3.13856
3.12936
3.14592
3.13952
3.13592
3.14324
3.14784
3.14396
3.1374
3.1446
3.14464
3.14468
3.14412
3.13876
3.14228
3.13396
3.14476
3.14104
3.15288
3.1426
3.13832
3.145
3.13656
3.14024
3.14304
3.13952
3.1398
3.152
3.133
3.1384
3.14936
3.13976
3.1496
3.14584
3.14364
3.13444
3.13892
3.1336
3.14508
3.14736
3.1444
3.14592
3.15144
3.145
3.14032
3.15324
3.13676
3.14124
3.139
3.13728
3.13852
3.14344
3.1434
3.12708
3.13456
3.13056
3.14896
3.14012
3.14088
3.14068
3.14016
3.15096
3.13112
3.13904
3.15208
3.13856
3.14792
3.13852
3.14556
3.15204
3.13672
3.14272
3.1458
3.14196
3.14004
3.14016
3.13784
3.14648
3.14528
3.14356
3.14188
3.14772
3.14556
3.13716
3.14608
3.13432
3.1342
3.13936
3.13756
3.13636
3.13696
3.14188
3.1474
3.1534
3.14192
3.14476
3.14348
3.13804
3.1458
3.14448
3.145
3.13384
3.14036
3.13884
3.134
3.14172
3.13636
3.13456
3.14512
3.1386
3.14928
3.13792
3.13832
3.13912
3.13156
3.13616
3.13768
3.12952
3.13988
3.146
3.1446
3.13988
3.14004
3.14108
3.13752
3.14272
3.14524
3.1474
3.14624
3.13416
3.14736
3.1378
3.1462
3.14108
3.13384
3.14084
3.14116
3.13856
3.14424
3.14396
3.15088
3.14228
3.14688
3.13952
3.14436
3.14832
3.13696
3.13068
3.13148
3.14456
3.13864
3.15028
3.14016
3.136
3.14284
3.1498
3.14664
3.14424
3.14036
3.14708
3.13732
3.151
3.15288
3.13784
3.14224
3.14964
3.12968
3.14312
3.13348
3.14092
3.1366
3.14676
3.14576
3.14488
3.14744
3.14
3.1464
3.14516
3.14436
3.13564
3.13572
3.14304
3.13924
3.14308
3.14104
3.14908
3.15204
3.13816
3.14892
3.13828
3.14652
3.14356
3.14468
3.14168
3.14508
3.14848
3.1372
3.13428
3.13804
3.14416
3.15176
3.13772
3.13796
3.13352
3.13572
3.13912
3.13964
3.14772
3.14344
3.13656
3.14408
3.14144
3.136
3.14336
3.14244
3.14432
3.1344
3.13064
3.13928
3.14316
3.14328
3.14076
3.14016
3.14428
3.13644
3.15392
3.133
3.14228
3.13308
3.13436
3.1432
3.12976
3.14728
3.14808
3.13936
3.142
3.1458
3.14036
3.13724
3.13652
3.14332
3.1368
3.142
3.14792
3.14336
3.14592
3.13756
3.14004
3.13764
3.14152
3.13396
3.14252
3.13824
3.1288
3.1492
3.14016
3.15424
3.13748
3.14664
3.13456
3.14108
3.1456
3.14908
3.141
3.137
3.1386
3.142
3.1416
3.13476
3.1404
3.14448
3.1452
3.13916
3.13596
3.14664
3.13684
3.14432
3.14416
3.13896
3.14528
3.14424
3.151
3.14124
3.14916
3.13816
3.1446
3.14268
3.14952
3.14496
3.13976
3.14056
3.14572
3.13716
3.14724
3.141
3.13632
3.14272
3.13456
3.14312
3.14188
3.15304
3.144
3.14024
3.14432
3.14096
3.14108
3.14188
3.14516
3.14824
3.12892
3.13652
3.14916
3.13756
3.1412
3.14776
3.13984
3.13488
3.14108
3.14068
3.13868
3.15232
3.1404
3.1324
3.1386
3.13956
3.14428
3.14632
3.14268
3.144
3.15472
3.13548
3.1464
3.145
3.133
3.14212
3.13888
3.14736
3.13916
3.13608
3.13496
3.1406
3.13944
3.14052
3.14228
3.14
3.1392
3.14332
3.14576
3.14272
3.14192
3.1374
3.14056
3.1374
3.14308
3.141
3.14124
3.14952
3.14536
3.14652
3.14404
3.14308
3.15044
3.13808
3.14044
3.145
3.14072
3.1324
3.13924
3.13952
3.1416
3.13724
3.14204
3.13936
3.143
3.14296
3.13256
3.14008
3.14432
3.14068
3.13932
3.15008
3.1378
3.14036
3.14392
3.13988
3.14592
3.1394
3.13312
3.14504
3.13864
3.14104
3.14036
3.1518
3.15128
3.14728
3.13896
3.14216
3.1318
3.14128
3.14092
3.13376
3.13976
3.13864
3.14524
3.14128
3.13248
3.14192
3.1502
3.137
3.14636
3.14552
3.146
3.14492
3.15116
3.14288
3.14276
3.13564
3.14908
3.1394
3.1452
3.14532
3.14464
3.14792
3.14648
3.13928
3.1316
3.14972
3.14424
3.13468
3.14452
3.13264
3.14076
3.14668
3.15144
3.14184
3.14268
3.13948
3.13592
3.13912
3.13164
3.14776
3.13908
3.14
3.14704
3.14716
3.13556
3.13592
3.1378
3.15
3.14176
3.142
3.14668
3.14444
3.14356
3.14372
3.13752
3.14648
3.14868
3.14064
3.14628
3.14192
3.13864
3.13696
3.14868
3.138
3.1476
3.14968
3.14152
3.15016
3.14564
3.14428
3.1412
3.14128
3.14592
3.1384
3.14584
3.136
3.1358
3.14848
3.13452
3.13848
3.148
3.1404
3.13624
3.1374
3.14988
3.14612
3.1406
3.15272
3.14044
3.13912
3.14432
3.14124
3.13572
3.14168
3.13908
3.1428
3.14796
3.14364
3.15992
3.14236
3.13856
3.14336
3.1306
3.14092
3.13376
3.14228
3.14008
3.14232
3.14616
3.1428
3.1392
3.13476
3.13852
3.14012
3.14724
3.14976
3.13768
3.13896
3.13512
3.13788
3.14072
3.14492
3.14136
3.14396
3.14632
3.14588
3.13784
3.1474
3.13484
3.14204
3.14708
3.14204
3.13644
3.13896
3.14312
3.1338
3.1442
3.142
3.13584
3.14636
3.14036
3.14116
3.14128
3.14668
3.14036
3.15028
3.1384
3.14352
3.13212
3.13976
3.14652
3.13804
3.13104
3.14172
3.13516
3.14168
3.14268
3.1434
3.14092
3.14416
3.14568
3.14876
3.14684
3.147
3.1436
3.13424
3.14192
3.13944
3.13872
3.14308
3.14188
3.13276
3.14428
3.1434
3.1298
3.14024
3.15068
3.14156
3.14764
3.13932
3.139
3.13748
3.14224
3.14496
3.14776
3.14052
3.14304
3.14312
3.13312
3.14216
3.14076
3.14076
3.14816
3.13924
3.137
3.148
3.15128
3.14312
3.13708
3.13684
3.14692
3.14236
3.1432
3.13588
3.14284
3.14416
3.1394
3.14568
3.13496
3.1332
3.13844
3.13656
3.14272
3.13576
3.14844
3.14804
3.14752
3.15292
3.13684
3.13968
3.15028
3.13856
3.13784
3.13644
3.13892
3.13832
3.1436
3.14876
3.13904
3.14124
3.1434
3.14592
3.147
3.14624
3.1374
3.13664
3.13496
3.1422
3.1378
3.148
3.1478
3.13232
3.1426
3.13896
3.1472
3.14328
3.14164
3.14132
3.14004
3.14444
3.1404
3.13884
3.138
3.14172
3.14284
3.14544
3.13636
3.1358
3.15376
3.13452
3.15092
3.1444
3.13956
3.14492
3.14196
3.14484
3.1432
3.13596
3.13772
3.14048
3.14412
3.13876
3.13216
3.13532
3.13396
3.1468
3.13828
3.134
3.13852
3.14456
3.14708
3.14016
3.13956
3.13956
3.1352
3.13864
3.15192
3.13512
3.13084
3.1418
3.13968
3.1422
3.1408
3.13964
3.14536
3.13936
3.1478
3.1396
3.1416
3.13372
3.14276
3.14672
3.15172
3.13896
3.14288
3.13964
3.13724
3.14444
3.13836
3.141
3.14572
3.13604
3.14468
3.14312
3.13748
3.1424
3.13308
3.1448
3.1412
3.15116
3.13392
3.14196
3.13948
3.14036
3.14144
3.14116
3.14536
3.1542
3.14136
3.13268
3.14656
3.14016
3.14064
3.14216
3.14208
3.13248
3.14344
3.12676
3.14016
3.13716
3.14232
3.14076
3.1478
3.14644
3.14064
3.13852
3.1348
3.13744
3.1426
3.152
3.14268
3.14408
3.13644
3.13928
3.14136
3.15164
3.133
3.13556
3.1536
3.14624
3.1416
3.14012
3.14416
3.13948
3.14252
3.14348
3.148
3.14784
3.13896
3.14748
3.13888
3.1486
3.14136
3.14568
3.14056
3.1456
3.13596
3.13912
3.1434
3.14368
3.14416
3.14192
3.14204
3.12844
3.13796
3.14004
3.14548
3.14452
3.1376
3.13708
3.14212
3.14004
3.14672
3.13948
3.14592
3.14144
3.1466
3.1392
3.1386
3.1472
3.1434
3.13356
3.13676
3.14108
3.14428
3.14088
3.1426
3.13712
3.13592
3.14584
3.13396
3.14352
3.1452
3.13788
3.14164
3.13944
3.13424
3.13808
3.14236
3.13868
3.13784
3.13828
3.14044
3.14348
3.13684
3.1452
3.13884
3.14728
3.13724
3.13592
3.1386
3.14192
3.14284
3.14472
3.13908
3.1416
3.14348
3.14068
3.1456
3.15032
3.14056
3.13488
3.14596
3.14288
3.14216
3.14588
3.14152
3.14764
3.1394
3.14004
3.13856
3.13728
3.138
3.1416
3.14216
3.14528
3.13404
3.14984
3.1532
3.13888
3.1342
3.14632
3.14028
3.13712
3.14932
3.14192
3.13236
3.14892
3.14512
3.13924
3.14852
3.13988
3.14016
3.14788
3.13904
3.15344
3.14504
3.14348
3.13768
3.144
3.1404
3.14296
3.14828
3.14168
3.14204
3.15436
3.15692
3.13636
3.13844
3.13084
3.14024
3.14152
3.14932
3.143
3.13652
3.14688
3.14048
3.14428
3.13972
3.13932
3.14808
3.14328
3.13928
3.13332
3.1508
3.14808
3.139
3.14096
3.1464
3.13608
3.1402
3.14988
3.14216
3.13244
3.15068
3.13612
3.1398
3.14804
3.13612
3.13568
3.15328
3.13548
3.14068
3.14356
3.13876
3.14236
3.12788
3.14068
3.13336
3.14644
3.1476
3.15152
3.14404
3.14476
3.14316
3.14108
3.14404
3.13112
3.14116
3.14448
3.14172
3.141
3.13864
3.14576
3.14284
3.14524
3.14944
3.13672
3.14344
3.1452
3.14244
3.14476
3.14628
3.14276
3.1426
3.14528
3.13452
3.13984
3.14472
3.13532
3.14736
3.129
3.14092
3.14024
3.15156
3.1408
3.1466
3.14832
3.149
3.15448
3.14444
3.1376
3.1474
3.13988
3.13768
3.13664
3.13712
3.13428
3.146
3.1364
3.14588
3.15124
3.14872
3.146
3.1366
3.13504
3.13652
3.1318
3.13608
3.14328
3.14372
3.13292
3.13764
3.1406
3.14
3.14704
3.14404
3.14208
3.14452
3.1496
3.14376
3.13992
3.1388
3.14884
3.138
3.13128
3.1342
3.14988
3.15236
3.13904
3.13088
3.14324
3.1378
3.14052
3.15264
3.1424
3.14356
3.14804
3.15048
3.14644
3.14344
3.14608
3.15196
3.14492
3.14724
3.14124
3.14636
3.1406
3.14124
3.13756
3.14152
3.13872
3.14308
3.14312
3.1386
3.14168
3.14004
3.1382
3.13692
3.14484
3.14912
3.14908
3.14312
3.14792
3.14404
3.15288
3.14484
3.15228
3.14176
3.136
3.1462
3.12724
3.14448
3.13724
3.13444
3.14672
3.13892
3.13868
3.14236
3.13612
3.13332
3.1468
3.14372
3.13852
3.1392
3.14564
3.14916
3.14916
3.1384
3.14392
3.14052
3.1402
3.13864
3.14316
3.13708
3.13536
3.1328
3.13176
3.13056
3.14072
3.14256
3.15252
3.13412
3.13812
3.14408
3.14756
3.13552
3.13864
3.15368
3.1342
3.14344
3.14352
3.14544
3.14352
3.14904
3.1368
3.13784
3.14532
3.1362
3.13968
3.14276
3.13708
3.14188
3.14508
3.1396
3.14712
3.1482
3.1436
3.14196
3.14828
3.14424
3.14056
3.1392
3.14044
3.13824
3.13572
3.13812
3.1474
3.13772
3.1464
3.1412
3.14004
3.14248
3.14636
3.13684
3.139
3.13868
3.14148
3.13724
3.14128
3.14152
3.14084
3.14096
3.14204
3.1424
3.13968
3.15184
3.1412
3.13528
3.14408
3.14008
3.13844
3.14836
3.14076
3.14324
3.14352
3.14304
3.1412
3.13424
3.14204
3.13328
3.1328
3.14312
3.14636
3.14408
3.14184
3.13032
3.14132
3.1406
3.13644
3.1518
3.13836
3.14584
3.14784
3.13524
3.13708
3.13724
3.14728
3.14648
3.15436
3.1404
3.13704
3.14684
3.14632
3.1344
3.1494
3.14108
3.1462
3.1422
3.1482
3.1354
3.13968
3.13468
3.1424
3.14944
3.13784
3.14708
3.14568
3.1472
3.13468
3.1424
3.13508
3.14508
3.1426
3.13692
3.14484
3.1428
3.13908
3.14088
3.1478
3.15168
3.12824
3.13308
3.13876
3.13944
3.145
3.1392
3.14296
3.13504
3.13924
3.14084
3.14132
3.14436
3.13712
3.14216
3.13392
3.13472
3.15112
3.14308
3.14156
3.13288
3.14228
3.13456
3.14584
3.1404
3.14096
3.13592
3.1368
3.13832
3.14892
3.13628
3.1498
3.13728
3.14612
3.14916
3.14588
3.13904
3.13956
3.1382
3.148
3.15004
3.13504
3.14836
3.14124
3.13788
3.14128
3.1432
3.13956
3.14876
3.13816
3.13296
3.15036
3.15008
3.14348
3.14672
3.14616
3.13932
3.15076
3.14528
3.14036
3.14568
3.14552
3.14228
3.1416
3.14784
3.15364
3.14368
3.13448
3.14116
3.14504
3.1382
3.13404
3.14172
3.14552
3.13644
3.138
3.14576
3.1438
3.14176
3.14376
3.13932
3.141
3.13996
3.14308
3.1438
3.13324
3.14396
3.14064
3.13096
3.14968
3.1528
3.13452
3.14488
3.13176
3.14284
3.1462
3.13932
3.13652
3.1412
3.14444
3.14264
3.147
3.14784
3.13868
3.14424
3.1384
3.1412
3.14456
3.13344
3.1332
3.14312
3.13884
3.14752
3.15584
3.137
3.15036
3.14036
3.13372
3.14324
3.14568
3.13928
3.14364
3.132
3.14024
3.14048
3.13636
3.14216
3.13976
3.14356
3.1362
3.14684
3.1396
3.14804
3.147
3.14224
3.14884
3.13508
3.13844
3.14308
3.13096
3.1382
3.1422
3.1434
3.13604
3.13452
3.136
3.12856
3.14812
3.14728
3.13988
3.14156
3.14432
3.14736
3.14148
3.14172
3.15424
3.14104
3.13608
3.13492
3.14452
3.14304
3.14436
3.14244
3.1416
3.1394
3.13672
3.13896
3.14016
3.1426
3.14996
3.13772
3.14576
3.14172
3.14124
3.1394
3.14372
3.14376
3.14352
3.14588
3.15204
3.1422
3.142
3.141
3.13876
3.13856
3.14888
3.14152
3.14792
3.14048
3.14628
3.14344
3.13892
3.1434
3.14772
3.14856
3.14636
3.14684
3.14364
3.14216
3.1328
3.14316
3.14072
3.13828
3.14356
3.14104
3.14004
3.14768
3.14188
3.14628
3.1394
3.14736
3.14252
3.13856
3.14036
3.14724
3.14024
3.1372
3.14192
3.14376
3.1388
3.14496
3.14124
3.13988
3.1438
3.1348
3.13672
3.14044
3.13936
3.15324
3.13888
3.14768
3.14172
3.13916
3.1424
3.1508
3.13996
3.14604
3.1408
3.13872
3.13948
3.14148
3.14452
3.13496
3.14568
3.14972
3.14728
3.1436
3.1436
3.137
3.13404
3.14228
3.13632
3.13452
3.14588
3.14756
3.1444
3.14104
3.13284
3.15148
3.1474
3.13844
3.14176
3.13676
3.13812
3.14688
3.14464
3.13496
3.14472
3.1454
3.14632
3.1434
3.14652
3.14004
3.14312
3.14244
3.15264
3.15224
3.1456
3.14228
3.14364
3.13864
3.1428
3.14336
3.13604
3.12868
3.14724
3.1436
3.15532
3.1412
3.1426
3.13936
3.14664
3.13676
3.1366
3.13948
3.15064
3.14268
3.14212
3.13652
3.13912
3.15336
3.15492
3.14404
3.14472
3.13764
3.145
3.13732
3.1424
3.1416
3.13416
3.14108
3.14644
3.13792
3.1362
3.13612
3.14288
3.14284
3.13908
3.14048
3.14712
3.14716
3.14504
3.13832
3.1498
3.14936
3.14016
3.14196
3.13708
3.13616
3.14256
3.13984
3.14328
3.1384
3.1424
3.14272
3.13732
3.1446
3.13616
3.13328
3.14404
3.13536
3.14332
3.1378
3.133
3.14496
3.14644
3.14772
3.138
3.14548
3.14112
3.14252
3.14108
3.14104
3.1378
3.14288
3.13692
3.14648
3.13744
3.14692
3.14048
3.14396
3.13528
3.14596
3.13552
3.13748
3.1404
3.14792
3.14008
3.1356
3.14012
3.13764
3.138
3.14556
3.14496
3.14572
3.14436
3.14016
3.145
3.1438
3.14804
3.13308
3.14084
3.13608
3.14376
3.13812
3.144
3.14448
3.1374
3.14392
3.14388
3.1368
3.14672
3.14084
3.1386
3.14292
3.14484
3.13644
3.13068
3.14348
3.14796
3.13668
3.13936
3.14752
3.14044
3.13944
3.14056
3.1402
3.14584
3.13844
3.14668
3.14492
3.13752
3.14636
3.1478
3.13456
3.13548
3.14368
3.14156
3.13376
3.13488
3.14052
3.13704
3.14032
3.14964
3.12628
3.14432
3.14336
3.13724
3.14024
3.13932
3.13632
3.15476
3.13576
3.1432
3.13448
3.13548
3.1458
3.14584
3.14032
3.1446
3.13852
3.13876
3.1356
3.14292
3.14052
3.14736
3.136
3.1402
3.1392
3.14504
3.14412
3.15004
3.1472
3.14272
3.14676
3.14236
3.14068
3.14504
3.13804
3.14276
3.14944
3.15108
3.14728
3.1432
3.14128
3.13204
3.13596
3.14572
3.14712
3.14436
3.14496
3.13508
3.135
3.1406
3.14512
3.14736
3.14056
3.15128
3.14244
3.13488
3.13208
3.15148
3.13924
3.13604
3.13468
3.14968
3.14876
3.14916
3.14428
3.1388
3.1304
3.15424
3.13988
3.13344
3.13692
3.13516
3.14168
3.13472
3.13996
3.1444
3.14516
3.14428
3.1392
3.1362
3.14456
3.14644
3.14704
3.13948
3.14136
3.14936
3.14408
3.1604
3.12596
3.14064
3.1414
3.1416
3.14672
3.14488
3.13632
3.14204
3.14772
3.13112
3.1454
3.14016
3.13964
3.14468
3.13776
3.13556
3.13568
3.14476
3.14652
3.14924
3.14376
3.14096
3.1424
3.14908
3.13892
3.14568
3.14296
3.1368
3.14204
3.1534
3.15396
3.14012
3.1436
3.14168
3.13928
3.1414
3.13356
3.14096
3.14296
3.15076
3.14776
3.13776
3.14544
3.13356
3.148
3.13684
3.14436
3.14488
3.14492
3.14576
3.13572
3.1432
3.14168
3.14432
3.14728
3.1368
3.14136
3.13776
3.14272
3.13976
3.14504
3.13664
3.15416
3.14908
3.1392
3.14032
3.14436
3.145
3.1416
3.13516
3.13816
3.14916
3.13
3.15332
3.13808
3.15072
3.14052
3.1436
3.13984
3.1442
3.14168
3.13696
3.13628
3.14848
3.144
3.1452
3.135
3.14248
3.14452
3.14348
3.1416
3.14328
3.14532
3.13572
3.14488
3.13588
3.1524
3.14028
3.1386
3.14152
3.13448
3.13864
3.13864
3.13308
3.14152
3.14236
3.13216
3.14188
3.1376
3.1456
3.1376
3.13188
3.13704
3.15028
3.14184
3.13816
3.1454
3.13816
3.14048
3.14168
3.13692
3.14608
3.15324
3.13736
3.1494
3.1418
3.13608
3.12972
3.14424
3.14364
3.1402
3.1478
3.1514
3.14744
3.14616
3.1322
3.1428
3.13728
3.1456
3.14644
3.14444
3.13268
3.13628
3.14104
3.13248
3.1438
3.14268
3.13592
3.14408
3.14244
3.13856
3.14444
3.14044
3.13532
3.14204
3.13908
3.1414
3.1482
3.13596
3.14308
3.13928
3.13572
3.13192
3.14808
3.145
3.1448
3.14216
3.14976
3.14436
3.14064
3.14128
3.14372
3.13268
3.14116
3.1436
3.14428
3.1466
3.1324
3.13624
3.14632
3.13416
3.1464
3.14576
3.13828
3.14512
3.14232
3.15028
3.13364
3.14448
3.13752
3.14688
3.13776
3.14624
3.142
3.14468
3.14036
3.13956
3.14524
3.13392
3.13616
3.14856
3.14876
3.13596
3.12916
3.13444
3.1358
3.13964
3.14088
3.14428
3.14092
3.1432
3.147
3.1436
3.1476
3.14476
3.1456
3.14152
3.14016
3.13832
3.14384
3.1496
3.14088
3.15
3.14136
3.14808
3.14308
3.14468
3.1452
3.15064
3.1462
3.1438
3.1426
3.14228
3.1398
3.14504
3.14936
3.136
3.14288
3.14068
3.14076
3.1316
3.1508
3.13976
3.13752
3.14108
3.13964
3.13524
3.14292
3.14736
3.13944
3.14772
3.1442
3.1354
3.13344
3.12784
3.1348
3.1392
3.14164
3.13628
3.13792
3.13792
3.13932
3.14628
3.14492
3.13524
3.14532
3.14016
3.1482
3.13948
3.14668
3.15268
3.1432
3.13368
3.14
3.1478
3.13708
3.14188
3.141
3.14528
3.14172
3.14336
3.13308
3.14088
3.13832
3.1438
3.1406
3.14808
3.14112
3.14064
3.14312
3.15
3.14284
3.14216
3.13896
3.1392
3.14792
3.132
3.14172
3.13856
3.1614
3.143
3.14156
3.13936
3.14028
3.14556
3.1404
3.14636
3.14616
3.14744
3.14272
3.13552
3.14216
3.1524
3.1472
3.13684
3.14032
3.13396
3.13808
3.13948
3.13848
3.13752
3.13896
3.144
3.14576
3.13896
3.1412
3.14372
3.14416
3.136
3.13828
3.14352
3.1424
3.14124
3.14792
3.14196
3.14552
3.1396
3.14184
3.13788
3.14184
3.14128
3.13644
3.14152
3.14636
3.13012
3.13648
3.14372
3.14376
3.13208
3.14012
3.14632
3.1446
3.14352
3.13264
3.14292
3.13892
3.12732
3.14544
3.14444
3.14776
3.1356
3.14344
3.13996
3.13864
3.13568
3.14552
3.13316
3.13356
3.1432
3.148
3.14072
3.1514
3.14976
3.13932
3.139
3.138
3.14952
3.1346
3.14176
3.14168
3.13968
3.14548
3.14244
3.14776
3.14256
3.1484
3.15448
3.1438
3.14892
3.15036
3.15308
3.13328
3.14244
3.148
3.14088
3.14352
3.14392
3.1382
3.13484
3.14176
3.14544
3.13556
3.13448
3.14936
3.141
3.14456
3.1394
3.13748
3.14792
3.1478
3.13976
3.14152
3.14928
3.13196
3.1396
3.15668
3.14236
3.14188
3.1366
3.12644
3.13956
3.13824
3.15
3.1396
3.15512
3.15044
3.13848
3.14716
3.139
3.13704
3.1454
3.13884
3.12964
3.1314
3.12964
3.14756
3.13744
3.1368
3.1428
3.14168
3.14476
3.14228
3.1428
3.14192
3.13756
3.13104
3.13744
3.14404
3.13652
3.14184
3.14196
3.14384
3.14656
3.15596
3.13512
3.14092
3.14428
3.1388
3.14796
3.13784
3.14916
3.13744
3.1424
3.1382
3.14988
3.147
3.14288
3.14176
3.14256
3.1406
3.14096
3.14484
3.14092
3.15152
3.13696
3.1456
3.1412
3.14132
3.13892
3.14252
3.14436
3.14248
3.13568
3.14188
3.13784
3.13852
3.14436
3.14152
3.1448
3.14404
3.14084
3.13524
3.1434
3.13532
3.13836
3.14052
3.13888
3.147
3.13728
3.13636
3.14656
3.135
3.13212
3.13764
3.14464
3.14304
3.1444
3.14452
3.12572
3.14232
3.13516
3.14396
3.1376
3.14464
3.1392
3.1408
3.14488
3.14464
3.1436
3.14576
3.1448
3.138
3.13932
3.15132
3.14212
3.14316
3.14892
3.14304
3.14248
3.12788
3.13208
3.14104
3.13456
3.142
3.141
3.15132
3.15
3.14144
3.13644
3.14168
3.13252
3.14632
3.13576
3.14468
3.13832
3.14808
3.13256
3.14472
3.13664
3.13312
3.13964
3.13916
3.14044
3.13216
3.14724
3.14384
3.14104
3.1448
3.136
3.13532
3.1412
3.14964
3.13416
3.14336
3.14332
3.13636
3.1474
3.13404
3.13892
3.14192
3.135
3.13568
3.14604
3.14416
3.1436
3.14256
3.14044
3.14424
3.13464
3.14408
3.1432
3.1364
3.14304
3.14392
3.13488
3.14532
3.13172
3.14532
3.1384
3.13916
3.1502
3.13124
3.14616
3.14012
3.14188
3.1436
3.13804
3.144
3.13968
3.14084
3.13896
3.14664
3.1412
3.15044
3.14236
3.13656
3.14148
3.13532
3.13364
3.14032
3.14072
3.1482
3.1454
3.1472
3.14748
3.1434
3.14976
3.13592
3.1484
3.14288
3.14244
3.13656
3.14404
3.14256
3.1342
3.13856
3.144
3.13676
3.14164
3.14248
3.14632
3.13092
3.14212
3.142
3.1378
3.14092
3.14276
3.14656
3.13968
3.14432
3.14284
3.14308
3.14392
3.14292
3.14352
3.1472
3.1404
3.13484
3.13688
3.14016
3.13836
3.14532
3.1526
3.14852
3.14116
3.13644
3.14952
3.13744
3.14764
3.1404
3.14536
3.14624
3.13356
3.149
3.13704
3.13556
3.14188
3.13212
3.13764
3.15328
3.13304
3.14116
3.14764
3.13628
3.14328
3.13668
3.14208
3.13952
3.14492
3.1392
3.14552
3.14228
3.13704
3.14272
3.14816
3.14476
3.13724
3.14124
3.1482
3.14832
3.13788
3.14972
3.14132
3.14452
3.1338
3.1368
3.1458
3.14336
3.13776
3.14112
3.14072
3.13908
3.14124
3.14244
3.13
3.13936
3.14688
3.14448
3.1382
3.14148
3.14604
3.14428
3.14236
3.1382
3.14572
3.1452
3.13828
3.14648
3.14056
3.14768
3.14052
3.1326
3.14136
3.13988
3.14468
3.14536
3.14148
3.14948
3.14876
3.14324
3.13812
3.13896
3.14032
3.15268
3.14544
3.14656
3.14652
3.14344
3.1446
3.14864
3.14108
3.14264
3.14028
3.15484
3.14076
3.14512
3.14148
3.14496
3.14168
3.14408
3.14512
3.15276
3.1366
3.1466
3.14768
3.14588
3.13952
3.14136
3.14488
3.1338
3.14208
3.14008
3.14264
3.1388
3.14176
3.15176
3.14272
3.13888
3.13976
3.14272
3.13732
3.13684
3.14164
3.1378
3.13948
3.13944
3.13872
3.14816
3.14052
3.14236
3.14204
3.15192
3.1436
3.12608
3.14864
3.14376
3.142
3.1362
3.14116
3.1454
3.14824
3.13996
3.14792
3.13788
3.14028
3.14364
3.13828
3.13644
3.14496
3.14268
3.13648
3.15068
3.12904
3.14472
3.14876
3.14512
3.13956
3.14228
3.14108
3.15332
3.14392
3.14056
3.13984
3.1432
3.14196
3.14788
3.14892
3.14692
3.14092
3.13968
3.13888
3.14528
3.13636
3.1376
3.14732
3.14216
3.13832
3.137
3.1458
3.14468
3.1422
3.14644
3.13348
3.12892
3.14392
3.14032
3.13204
3.14604
3.14236
3.14836
3.14216
3.13648
3.1322
3.13704
3.141
3.13476
3.1478
3.12936
3.14112
3.14128
3.14836
3.14576
3.1454
3.1474
3.13072
3.13192
3.13736
3.13552
3.1468
3.14472
3.14608
3.14764
3.14328
3.1402
3.1448
3.14524
3.13644
3.14348
3.1408
3.15024
3.1428
3.13984
3.13792
3.13956
3.142
3.13792
3.13924
3.13784
3.13808
3.13516
3.14376
3.1496
3.1444
3.14648
3.1364
3.13688
3.1432
3.14608
3.15056
3.1452
3.1316
3.1396
3.13592
3.1424
3.1398
3.13868
3.14328
3.13648
3.13804
3.1484
3.12912
3.14892
3.1462
3.13312
3.13892
3.13976
3.14152
3.1336
3.14804
3.141
3.14372
3.14124
3.13948
3.139
3.14512
3.14096
3.14248
3.14044
3.13668
3.13624
3.13688
3.12832
3.13632
3.13488
3.13892
3.13784
3.13704
3.14092
3.1334
3.13884
3.14264
3.1336
3.13968
3.14864
3.1446
3.13676
3.1418
3.15164
3.13644
3.13912
3.14416
3.14156
3.14304
3.1334
3.1378
3.14036
3.146
3.1386
3.15336
3.13912
3.13732
3.14284
3.14424
3.1478
3.13768
3.15152
3.1476
3.14772
3.13924
3.1328
3.14248
3.14124
3.1436
3.1504
3.1404
3.13876
3.14588
3.13868
3.14448
3.14396
3.14288
3.13496
3.14264
3.13892
3.13732
3.14268
3.13972
3.13728
3.13776
3.14016
3.13392
3.14068
3.15112
3.14392
3.13968
3.14544
3.13708
3.14064
3.13072
3.14848
3.14544
3.14008
3.1366
3.13596
3.1386
3.135
3.14576
3.13772
3.13944
3.1406
3.13816
3.14364
3.14576
3.14588
3.14244
3.14184
3.15192
3.14724
3.13852
3.13728
3.1326
3.14268
3.13688
3.14272
3.142
3.14672
3.13644
3.14696
3.141
3.14792
3.144
3.13704
3.14668
3.1426
3.13816
3.14156
3.13916
3.14084
3.14416
3.13396
3.13784
3.1376
3.1402
3.14596
3.1458
3.13876
3.14988
3.14552
3.1346
3.14536
3.13548
3.14016
3.14224
3.14876
3.13452
3.1402
3.13668
3.1384
3.1418
3.14116
3.14832
3.14204
3.14528
3.1392
3.14596
3.14724
3.1386
3.14868
3.13232
3.13936
3.14356
3.14496
3.13576
3.1406
3.14656
3.13772
3.1342
3.14944
3.14544
3.14092
3.14828
3.14784
3.14684
3.14316
3.1474
3.14648
3.14512
3.14008
3.15168
3.1402
3.15224
3.14392
3.14088
3.14248
3.14304
3.15216
3.13812
3.13552
3.1416
3.14564
3.14328
3.12932
3.14352
3.14544
3.15192
3.15476
3.1408
3.1432
3.1396
3.14488
3.14492
3.14164
3.14388
3.1438
3.13564
3.13712
3.13208
3.14036
3.1476
3.141
3.14484
3.15124
3.1366
3.14648
3.14072
3.1386
3.13684
3.14888
3.1408
3.13612
3.1426
3.15028
3.14668
3.14656
3.14068
3.14196
3.13096
3.13296
3.142
3.15548
3.13928
3.1422
3.13792
3.1496
3.1422
3.14052
3.14012
3.14768
3.13492
3.13884
3.13752
3.13876
3.14448
3.14176
3.14316
3.14452
3.13932
3.1438
3.14816
3.13092
3.13608
3.14372
3.14212
3.14568
3.13652
3.14
3.15056
3.1378
3.13964
3.14116
3.15004
3.13628
3.13776
3.13812
3.13772
3.1446
3.14384
3.13916
3.13896
3.14148
3.14592
3.14148
3.14304
3.13864
3.14096
3.13724
3.13716
3.1458
3.13828
3.14236
3.12896
3.13124
3.1406
3.15284
3.13212
3.14452
3.14184
3.14244
3.14128
3.14616
3.1404
3.14384
3.13832
3.1398
3.1404
3.13884
3.13172
3.14532
3.13564
3.14524
3.14536
3.14448
3.15376
3.13024
3.13756
3.13288
3.14636
3.14468
3.13704
3.14156
3.14248
3.13024
3.14264
3.13884
3.14024
3.14192
3.15008
3.14564
3.14336
3.14088
3.13308
3.1406
3.1374
3.14324
3.13136
3.14176
3.13836
3.13684
3.14384
3.14468
3.15092
3.13608
3.13796
3.13504
3.14492
3.1394
3.14252
3.13944
3.13808
3.1458
3.1408
3.13844
3.13912
3.13892
3.14168
3.14508
3.138
3.14248
3.13564
3.14176
3.14396
3.14248
3.13212
3.14692
3.14416
3.14664
3.14196
3.13792
3.1476
3.14004
3.14564
3.13852
3.14936
3.14176
3.13652
3.1402
3.14268
3.14188
3.13692
3.13808
3.142
3.13524
3.14148
3.1448
3.13656
3.14616
3.14232
3.14344
3.14008
3.1422
3.14024
3.14532
3.14
3.14544
3.14152
3.14184
3.14172
3.14916
3.15068
3.13624
3.13716
3.14552
3.1404
3.14336
3.14684
3.1434
3.13596
3.14452
3.14728
3.14764
3.14172
3.14168
3.14408
3.13716
3.13816
3.1478
3.13548
3.13592
3.13776
3.14264
3.13348
3.14716
3.14272
3.13776
3.1496
3.14676
3.14584
3.14404
3.1452
3.14508
3.14572
3.145
3.13596
3.15004
3.14264
3.14012
3.1434
3.14372
3.13968
3.14808
3.1412
3.13452
3.14168
3.14116
3.14348
3.144
3.14736
3.13968
3.14128
3.1448
3.1424
3.14284
3.13804
3.13772
3.14776
3.15316
3.13532
3.13964
3.1426
3.1394
3.14644
3.15096
3.14384
3.13776
3.13456
3.13816
3.13056
3.14012
3.13348
3.14536
3.14024
3.14236
3.13972
3.15176
3.145
3.13892
3.14132
3.1338
3.13996
3.14128
3.14304
3.14256
3.13736
3.1476
3.1362
3.14508
3.14516
3.14128
3.13788
3.14776
3.1436
3.14772
3.14032
3.13148
3.14208
3.12864
3.1458
3.14896
3.13816
3.13848
3.146
3.14144
3.1364
3.1412
3.13136
3.14364
3.147
3.13844
3.13548
3.1468
3.13964
3.14368
3.14056
3.1494
3.13248
3.14776
3.13636
3.1388
3.13776
3.1308
3.14652
3.13576
3.13924
3.14144
3.14104
3.13732
3.14656
3.14852
3.1478
3.13992
3.14716
3.1408
3.1372
3.13984
3.14216
3.14112
3.14512
3.1358
3.13204
3.13808
3.13772
3.13068
3.13348
3.14252
3.15
3.13848
3.14668
3.14036
3.1368
3.14296
3.137
3.143
3.14536
3.13748
3.13876
3.13836
3.14924
3.13296
3.13604
3.13608
3.14188
3.13776
3.14372
3.1334
3.1422
3.14156
3.14192
3.13492
3.13448
3.13312
3.14332
3.14228
3.1368
3.14172
3.14076
3.13868
3.1354
3.14148
3.14764
3.132
3.14944
3.14204
3.13916
3.13392
3.14868
3.14268
3.15128
3.143
3.14568
3.1412
3.14248
3.15224
3.13204
3.1424
3.13576
3.1398
3.14476
3.13928
3.1376
3.14056
3.1456
3.13156
3.145
3.13716
3.14332
3.13832
3.14532
3.14356
3.1414
3.14376
3.15104
3.13716
3.14028
3.14536
3.14224
3.13608
3.14188
3.1346
3.14236
3.14456
3.14384
3.1516
3.14088
3.14472
3.14244
3.14112
3.14836
3.13028
3.14896
3.14412
3.14044
3.1486
3.14716
3.138
3.14932
3.13468
3.13944
3.14456
3.1466
3.1416
3.1378
3.14244
3.14208
3.13488
3.14224
3.139
3.14216
3.14556
3.14104
3.1364
3.14236
3.1474
3.13712
3.1406
3.14176
3.1448
3.13568
3.15216
3.13524
3.1464
3.14144
3.1354
3.1478
3.1532
3.14084
3.1406
3.14728
3.144
3.14644
3.13796
3.13968
3.13468
3.13828
3.13652
3.1378
3.14172
3.14
3.13528
3.13916
3.13548
3.13508
3.14708
3.1422
3.14808
3.14804
3.14348
3.1374
3.13844
3.13556
3.13712
3.149
3.13864
3.14204
3.13372
3.13008
3.14232
3.14556
3.1364
3.14056
3.14136
3.15004
3.14916
3.14684
3.138
3.14048
3.1352
3.13312
3.15492
3.13308
3.13784
3.13796
3.13532
3.14904
3.14472
3.1434
3.13288
3.14676
3.13364
3.14228
3.14248
3.15136
3.129
3.14572
3.1484
3.14696
3.13992
3.13636
3.13552
3.14476
3.15256
3.13408
3.14212
3.14032
3.14132
3.12792
3.14724
3.14192
3.13848
3.13276
3.15216
3.1524
3.14676
3.13136
3.14912
3.14048
3.13984
3.13256
3.13492
3.14172
3.14764
3.13912
3.1344
3.14704
3.14016
3.14216
3.13888
3.14432
3.14648
3.14536
3.13648
3.1416
3.14076
3.13964
3.13756
3.13796
3.14488
3.1342
3.14184
3.151
3.1386
3.1398
3.14484
3.14736
3.13864
3.13548
3.13692
3.14168
3.13544
3.14544
3.15008
3.14428
3.13896
3.14676
3.14492
3.14568
3.13312
3.14472
3.14104
3.14424
3.14116
3.1482
3.13984
3.14504
3.13072
3.13716
3.1448
3.13736
3.1466
3.14344
3.13004
3.142
3.14512
3.14056
3.13944
3.12908
3.14792
3.13856
3.1298
3.14932
3.14616
3.14392
3.13948
3.13912
3.13156
3.13516
3.14224
3.13804
3.13756
3.13864
3.14384
3.13904
3.1436
3.14328
3.14456
3.14016
3.13988
3.1364
3.15
3.14524
3.1414
3.14752
3.1494
3.14016
3.1426
3.1406
3.14012
3.14116
3.14204
3.13652
3.1436
3.15208
3.13548
3.14052
3.14916
3.13836
3.1358
3.13772
3.14452
3.14384
3.13936
3.14084
3.14664
3.13672
3.14724
3.14484
3.13896
3.14396
3.13716
3.1492
3.14016
3.13972
3.1418
3.14372
3.14508
3.14212
3.13664
3.13544
3.13944
3.14448
3.14864
3.14012
3.14356
3.13776
3.14268
3.15016
3.13224
3.15352
3.15048
3.13508
3.1376
3.14692
3.1412
3.13768
3.13628
3.14548
3.14508
3.14412
3.142
3.14504
3.14928
3.1336
3.14884
3.14264
3.15304
3.13696
3.136
3.13036
3.15252
3.13808
3.142
3.14284
3.13332
3.14164
3.14496
3.13524
3.1446
3.14404
3.14408
3.14304
3.14912
3.14624
3.13616
3.13804
3.1436
3.14216
3.1438
3.14368
3.14048
3.13584
3.1406
3.1396
3.14408
3.14096
3.14656
3.14368
3.147
3.13864
3.14012
3.14824
3.15416
3.1426
3.14992
3.1446
3.1354
3.14224
3.15448
3.13676
3.1494
3.15104
3.14004
3.13588
3.1444
3.14428
3.153
3.14548
3.14076
3.15076
3.1394
3.14248
3.13932
3.14548
3.14776
3.14364
3.14256
3.14588
3.14536
3.14464
3.15112
3.1366
3.14744
3.13736
3.14852
3.146
3.1392
3.14156
3.13724
3.14144
3.13608
3.136
3.15056
3.13664
3.13992
3.141
3.13972
3.14032
3.14516
3.13932
3.14796
3.1422
3.14028
3.14236
3.12684
3.14204
3.1328
3.14488
3.14128
3.14096
3.14444
3.14768
3.147
3.13916
3.14652
3.14064
3.14192
3.13608
3.14192
3.14564
3.14628
3.14804
3.14372
3.13508
3.1472
3.15204
3.1336
3.13592
3.13376
3.14
3.13892
3.13668
3.13788
3.1392
3.1436
3.1474
3.14644
3.13436
3.14748
3.141
3.13872
3.1514
3.146
3.14592
3.14608
3.14456
3.13884
3.14416
3.14
3.1372
3.15028
3.14068
3.14016
3.14924
3.14568
3.14676
3.1418
3.13604
3.14112
3.1406
3.1392
3.149
3.13736
3.1386
3.14924
3.14616
3.14576
3.12956
3.14468
3.13952
3.1522
3.14308
3.14004
3.14496
3.14356
3.144
3.14192
3.13752
3.13848
3.14124
3.1384
3.1474
3.14168
3.14568
3.14064
3.14152
3.14576
3.13784
3.14536
3.1396
3.13804
3.1424
3.14196
3.14964
3.136
3.13988
3.13908
3.14424
3.13864
3.13336
3.14796
3.14012
3.13868
3.14652
3.144
3.13592
3.14544
3.13736
3.1402
3.15592
3.15024
3.1424
3.14296
3.14392
3.14408
3.1462
3.136
3.14572
3.13724
3.15652
3.14416
3.1414
3.14708
3.14516
3.14148
3.14316
3.13832
3.1446
3.13756
3.14216
3.1442
3.14032
3.14716
3.14316
3.13872
3.14096
3.13368
3.14356
3.14448
3.13552
3.13624
3.14836
3.14184
3.15056
3.1444
3.14012
3.147
3.14308
3.13916
3.14492
3.141
3.14208
3.13844
3.13536
3.14284
3.13756
3.14004
3.13552
3.14172
3.137
3.14336
3.14896
3.14848
3.15868
3.13872
3.13992
3.13948
3.1512
3.14604
3.13496
3.13616
3.14116
3.14436
3.1408
3.13608
3.15296
3.1482
3.14328
3.13668
3.13812
3.14264
3.14464
3.1418
3.13812
3.13996
3.1374
3.14532
3.13896
3.1428
3.14696
3.14284
3.13828
3.14552
3.13144
3.13772
3.13472
3.14172
3.1458
3.14084
3.14328
3.14384
3.13868
3.1362
3.15664
3.13832
3.14168
3.13416
3.14636
3.1398
3.1354
3.14776
3.14204
3.14704
3.14096
3.1374
3.1388
3.14544
3.14448
3.1468
3.14764
3.14476
3.14116
3.14932
3.14384
3.14256
3.12688
3.14428
3.13888
3.1414
3.13584
3.12928
3.14348
3.14256
3.14072
3.13284
3.14584
3.13372
3.14088
3.13396
3.1404
3.15072
3.14536
3.14148
3.13352
3.13904
3.13756
3.13696
3.14336
3.13448
3.12912
3.14524
3.1406
3.13996
3.13928
3.1312
3.14228
3.13488
3.156
3.13868
3.13484
3.14388
3.14
3.14564
3.14104
3.13904
3.14064
3.146
3.14736
3.14884
3.15396
3.12996
3.14804
3.13872
3.141
3.14064
3.13772
3.15032
3.14136
3.12708
3.14696
3.1426
3.14456
3.14572
3.1398
3.14984
3.14808
3.13236
3.14792
3.14052
3.1376
3.14264
3.14304
3.15352
3.14212
3.15156
3.14588
3.1316
3.1424
3.1418
3.13708
3.14588
3.13804
3.14088
3.14184
3.14556
3.15004
3.14396
3.13532
3.12984
3.13564
3.13916
3.14528
3.14604
3.14056
3.15304
3.1434
3.14188
3.14276
3.14656
3.14952
3.14476
3.13488
3.1406
3.14492
3.14644
3.13468
3.14664
3.14344
3.1442
3.14444
3.1442
3.14464
3.14284
3.13944
3.13904
3.13992
3.14112
3.1388
3.1462
3.14776
3.14568
3.14572
3.1382
3.14136
3.1464
3.13712
3.14104
3.13844
3.1294
3.13956
3.14272
3.13752
3.13792
3.14204
3.1552
3.15072
3.14744
3.13976
3.14404
3.13276
3.13548
3.13592
3.14904
3.14692
3.1464
3.14308
3.14004
3.14456
3.13932
3.13796
3.14412
3.14496
3.14008
3.14604
3.13624
3.13436
3.14916
3.1438
3.14184
3.13988
3.13972
3.1506
3.14572
3.1492
3.1354
3.14776
3.1458
3.14076
3.14128
3.13584
3.1418
3.14748
3.14776
3.1364
3.14564
3.15536
3.13344
3.13596
3.14124
3.13868
3.13528
3.14696
3.1466
3.14616
3.14248
3.13128
3.14436
3.13712
3.14284
3.13612
3.13484
3.13096
3.1412
3.13344
3.12776
3.14404
3.1408
3.1454
3.14968
3.1418
3.1408
3.14636
3.13904
3.14464
3.14404
3.14044
3.13684
3.14332
3.13892
3.13772
3.14184
3.14076
3.14428
3.13716
3.13392
3.14944
3.13812
3.14112
3.13984
3.1336
3.14596
3.13528
3.14188
3.1414
3.14248
3.13692
3.139
3.1458
3.14208
3.14472
3.1402
3.14144
3.14304
3.13324
3.13596
3.13828
3.13964
3.12764
3.13608
3.1422
3.13336
3.14
3.14036
3.13716
3.15008
3.13772
3.13592
3.14132
3.13908
3.14212
3.14384
3.14392
3.14952
3.14404
3.14244
3.14236
3.14092
3.13924
3.13808
3.15
3.14196
3.13856
3.14356
3.14636
3.13756
3.14284
3.14836
3.14144
3.15636
3.14124
3.14496
3.14676
3.1424
3.13852
3.154
3.13976
3.1312
3.13604
3.14096
3.14328
3.13976
3.14548
3.14248
3.14408
3.14656
3.14164
3.13544
3.14136
3.14908
3.14972
3.152
3.14552
3.13476
3.1394
3.14332
3.1422
3.14308
3.13764
3.13452
3.14048
3.1398
3.1418
3.14288
3.14568
3.14188
3.14264
3.15072
3.13988
3.15192
3.14088
3.14116
3.133
3.13632
3.13392
3.14508
3.1494
3.13416
3.13796
3.12712
3.1362
3.14028
3.13564
3.14312
3.15076
3.13952
3.14604
3.14684
3.14348
3.14912
3.13108
3.14904
3.15004
3.13744
3.13924
3.13436
3.13856
3.14556
3.1318
3.14156
3.14088
3.12968
3.15412
3.13588
3.14204
3.14808
3.1436
3.13624
3.14344
3.14032
3.14496
3.13652
3.143
3.1458
3.14472
3.13748
3.14008
3.14096
3.1434
3.14052
3.14992
3.13168
3.1468
3.13864
3.13648
3.14136
3.14652
3.13872
3.146
3.13856
3.13468
3.14588
3.14604
3.13728
3.14212
3.1402
3.14032
3.13576
3.14168
3.14104
3.13368
3.13868
3.14524
3.1404
3.14728
3.13888
3.1456
3.14408
3.14432
3.14292
3.13464
3.13224
3.13652
3.13872
3.1498
3.13664
3.14492
3.1362
3.12912
3.1376
3.14556
3.14652
3.14304
3.143
3.13328
3.1452
3.1358
3.14232
3.13716
3.13788
3.14932
3.1472
3.13676
3.1356
3.14956
3.14072
3.14204
3.14576
3.1484
3.14192
3.1402
3.1476
3.14744
3.132
3.13252
3.13156
3.14672
3.13756
3.1444
3.14116
3.13836
3.1368
3.14092
3.14344
3.13264
3.14928
3.1462
3.146
3.14356
3.13692
3.1394
3.14828
3.14676
3.14464
3.14448
3.14028
3.13888
3.12744
3.14424
3.13576
3.15588
3.1422
3.14912
3.14184
3.14016
3.13852
3.14796
3.13484
3.14388
3.14564
3.13556
3.15272
3.14264
3.14312
3.14996
3.13636
3.1446
3.13676
3.14016
3.15036
3.1456
3.1468
3.1434
3.13812
3.14532
3.14156
3.14484
3.14452
3.14204
3.14616
3.15032
3.13928
3.14748
3.13404
3.13332
3.13632
3.14576
3.14384
3.14236
3.14516
3.15192
3.1356
3.14024
3.1434
3.13328
3.14236
3.1376
3.14564
3.14504
3.14284
3.14136
3.1462
3.14896
3.13588
3.14636
3.13152
3.14572
3.13792
3.15004
3.14156
3.14648
3.146
3.14208
3.13572
3.14608
3.1444
3.13608
3.13872
3.13876
3.1422
3.14836
3.13376
3.14092
3.13376
3.15296
3.14176
3.14036
3.13604
3.13888
3.1408
3.144
3.14272
3.14072
3.14
3.1402
3.15088
3.13832
3.1426
3.14176
3.14008
3.1416
3.14088
3.1464
3.145
3.13912
3.13548
3.14208
3.14496
3.13824
3.14596
3.13276
3.13968
3.14336
3.1422
3.1452
3.14012
3.14416
3.1394
3.13816
3.14476
3.1426
3.1504
3.14696
3.14388
3.1394
3.14968
3.14696
3.14116
3.14664
3.14096
3.14012
3.13816
3.1404
3.1384
3.13968
3.13972
3.1404
3.14948
3.1472
3.14332
3.12916
3.13104
3.1404
3.13244
3.14432
3.13696
3.13708
3.14392
3.13624
3.14544
3.14244
3.14916
3.14944
3.13224
3.1388
3.1384
3.13396
3.14064
3.14132
3.147
3.14472
3.14064
3.14744
3.13952
3.14772
3.14176
3.1462
3.14164
3.14504
3.14664
3.14084
3.14716
3.13768
3.14928
3.14676
3.14132
3.14248
3.13908
3.14144
3.14188
3.13712
3.13956
3.14332
3.13484
3.14468
3.13964
3.13748
3.14204
3.14176
3.14512
3.15092
3.14332
3.14816
3.13508
3.14124
3.1392
3.13884
3.14272
3.14016
3.13244
3.14552
3.1564
3.14076
3.1436
3.13928
3.13704
3.1344
3.1466
3.1334
3.13684
3.14644
3.14648
3.14132
3.1484
3.1404
3.14028
3.13876
3.14336
3.12588
3.14424
3.14432
3.14028
3.13972
3.13692
3.15028
3.1428
3.14188
3.13484
3.14144
3.1498
3.13912
3.13376
3.13612
3.14728
3.14216
3.14524
3.15148
3.1388
3.14072
3.14488
3.13244
3.14764
3.13944
3.12704
3.1308
3.1366
3.13424
3.14196
3.13856
3.1424
3.1492
3.13888
3.14944
3.13412
3.14072
3.15084
3.1418
3.14836
3.132
3.14216
3.14712
3.1398
3.14252
3.14536
3.13772
3.1466
3.13184
3.14088
3.13756
3.14464
3.14024
3.13952
3.13788
3.1484
3.13748
3.14748
3.14312
3.13768
3.13984
3.14144
3.1312
3.13904
3.13764
3.14192
3.14168
3.13784
3.14388
3.13976
3.1408
3.14364
3.13716
3.13364
3.14232
3.1408
3.14772
3.15232
3.14932
3.14132
3.1362
3.1476
3.15136
3.13372
3.13908
3.1348
3.14344
3.15352
3.14396
3.14004
3.13816
3.14272
3.14172
3.1376
3.1408
3.14416
3.14616
3.14292
3.13592
3.14076
3.14736
3.14512
3.13448
3.13596
3.1432
3.1388
3.13576
3.131
3.14288
3.14248
3.12896
3.13544
3.1316
3.13776
3.14632
3.14196
3.1402
3.1386
3.14328
3.1364
3.15156
3.14596
3.14056
3.14012
3.1346
3.13864
3.14364
3.14644
3.13564
3.14552
3.14128
3.1376
3.13516
3.14148
3.13724
3.13996
3.13816
3.13428
3.13988
3.13832
3.13776
3.14156
3.146
3.14316
3.14252
3.14068
3.13484
3.15232
3.13912
3.14256
3.13684
3.14804
3.14152
3.13452
3.14856
3.13692
3.13344
3.14732
3.1438
3.14152
3.1478
3.13612
3.13432
3.15868
3.14364
3.143
3.1412
3.13736
3.14124
3.14008
3.1422
3.14672
3.13516
3.13796
3.13824
3.147
3.13184
3.13952
3.13892
3.14336
3.14432
3.14424
3.13852
3.15564
3.1392
3.14212
3.1446
3.14488
3.13736
3.14344
3.14236
3.14388
3.13772
3.14968
3.13848
3.137
3.13796
3.141
3.13924
3.14752
3.1392
3.1354
3.13392
3.14304
3.14272
3.13888
3.139
3.13648
3.14376
3.13288
3.15024
3.14448
3.1444
3.13948
3.1474
3.15048
3.14176
3.13884
3.14256
3.14908
3.12968
3.13952
3.14356
3.14392
3.15188
3.14488
3.14544
3.1442
3.1368
3.1488
3.134
3.13928
3.13656
3.15108
3.1536
3.14064
3.14596
3.13868
3.14372
3.13776
3.13704
3.14948
3.1464
3.1366
3.13596
3.14128
3.14748
3.13884
3.14192
3.1356
3.1404
3.14232
3.14008
3.14132
3.1488
3.14028
3.135
3.14472
3.13804
3.1518
3.1436
3.13904
3.14428
3.12932
3.13776
3.14148
3.13608
3.13748
3.1394
3.14072
3.14188
3.13392
3.14028
3.13896
3.13984
3.13736
3.13764
3.14304
3.1434
3.13292
3.143
3.131
3.143
3.14664
3.14296
3.13616
3.14368
3.1392
3.14656
3.14408
3.13808
3.14508
3.14768
3.14572
3.1398
3.13704
3.15092
3.14468
3.13524
3.13932
3.14504
3.141
3.14296
3.13776
3.14304
3.14432
3.1416
3.13936
3.144
3.13632
3.14796
3.15004
3.13852
3.14436
3.13712
3.1434
3.13344
3.14616
3.14196
3.14616
3.13608
3.1448
3.13896
3.14272
3.1452
3.14068
3.1454
3.14084
3.1366
3.1356
3.1374
3.1398
3.14216
3.13668
3.14492
3.14176
3.14132
3.145
3.14204
3.13788
3.14684
3.1376
3.1416
3.1388
3.15192
3.13196
3.1416
3.1312
3.12708
3.13912
3.1452
3.13424
3.13828
3.13312
3.14712
3.14556
3.14904
3.13744
3.14352
3.14096
3.14612
3.14388
3.13728
3.13904
3.14552
3.14016
3.14328
3.14288
3.1456
3.15128
3.13944
3.14688
3.1428
3.139
3.14912
3.14492
3.14772
3.13764
3.13708
3.14192
3.14248
3.13532
3.14136
3.14024
3.15136
3.14004
3.13508
3.15052
3.13792
3.14608
3.13084
3.1464
3.13892
3.14296
3.14044
3.14656
3.14432
3.15072
3.13616
3.14636
3.1366
3.142
3.13028
3.13864
3.13028
3.14184
3.1422
3.1344
3.15588
3.1422
3.13844
3.1414
3.14272
3.13896
3.14076
3.138
3.14572
3.14624
3.1378
3.13848
3.14492
3.14548
3.14476
3.14348
3.1432
3.15152
3.1382
3.14388
3.14444
3.14444
3.13728
3.1458
3.15128
3.1452
3.14276
3.14392
3.13684
3.1446
3.13976
3.13912
3.1282
3.14712
3.137
3.1364
3.14028
3.14276
3.14032
3.13628
3.141
3.13732
3.14068
3.14224
3.14196
3.13768
3.13988
3.13296
3.13572
3.13428
3.1406
3.13728
3.14928
3.13768
3.13284
3.13404
3.14016
3.138
3.1406
3.14304
3.14128
3.13616
3.14536
3.14636
3.14516
3.14212
3.1398
3.13776
3.14944
3.13932
3.1394
3.14664
3.14756
3.13956
3.14084
3.1324
3.14108
3.14068
3.1392
3.14944
3.14412
3.13828
3.13212
3.13596
3.14084
3.142
3.1418
3.14072
3.14624
3.13948
3.1412
3.13364
3.14308
3.14108
3.13684
3.1358
3.14136
3.14308
3.13492
3.15456
3.13668
3.14
3.14056
3.1386
3.14672
3.14108
3.13516
3.13496
3.14528
3.14392
3.139
3.1316
3.13948
3.14312
3.14748
3.15128
3.14096
3.14096
3.13936
3.13976
3.13988
3.13948
3.143
3.14252
3.1416
3.13228
3.1396
3.14748
3.14072
3.14044
3.14752
3.14812
3.13724
3.14724
3.15152
3.14304
3.13404
3.14716
3.14632
3.14496
3.1446
3.14368
3.13536
3.13716
3.14384
3.14044
3.14672
3.14856
3.15044
3.14208
3.13976
3.14328
3.14284
3.14548
3.14708
3.15272
3.13552
3.13724
3.12964
3.13504
3.12496
3.14124
3.14192
3.151
3.1486
3.1452
3.14084
3.14476
3.13932
3.14056
3.1396
3.14404
3.14304
3.14624
3.14056
3.1376
3.153
3.1464
3.1342
3.14524
3.14112
3.14072
3.13
3.141
3.14324
3.1422
3.13772
3.14508
3.13672
3.14108
3.14176
3.14968
3.14112
3.14224
3.13564
3.13944
3.13944
3.14908
3.14404
3.13852
3.14308
3.14184
3.14096
3.144
3.14044
3.13592
3.14072
3.15016
3.14492
3.14684
3.13676
3.14764
3.14608
3.15348
3.13768
3.14376
3.14388
3.14248
3.1462
3.12792
3.1492
3.14372
3.13456
3.13972
3.13252
3.14884
3.13892
3.13608
3.1434
3.13624
3.1474
3.14024
3.14716
3.14488
3.13928
3.14224
3.15704
3.13172
3.1364
3.13928
3.13424
3.14044
3.13056
3.13536
3.13896
3.13768
3.14244
3.13796
3.1384
3.143
3.14204
3.14596
3.14596
3.13868
3.13632
3.13652
3.14096
3.1472
3.14892
3.1536
3.14072
3.13924
3.14704
3.14064
3.14212
3.14204
3.14328
3.14516
3.14624
3.13588
3.13516
3.1432
3.13948
3.134
3.1484
3.14696
3.14312
3.14744
3.14256
3.1428
3.14288
3.14124
3.1468
3.13596
3.13668
3.14032
3.1446
3.14264
3.14252
3.13548
3.13756
3.135
3.14392
3.13908
3.13872
3.14184
3.1404
3.1436
3.14292
3.13876
3.13812
3.1368
3.13648
3.13888
3.14496
3.14184
3.14416
3.14508
3.14744
3.13272
3.13504
3.14528
3.14464
3.15108
3.14108
3.13576
3.13648
3.13476
3.1434
3.14016
3.149
3.14572
3.13036
3.15104
3.13716
3.13588
3.13456
3.14476
3.15032
3.14436
3.1428
3.13952
3.14936
3.13984
3.1338
3.13948
3.13496
3.14528
3.13812
3.1398
3.1454
3.13316
3.14416
3.14944
3.13632
3.14376
3.14136
3.14052
3.14016
3.14768
3.13824
3.1446
3.1434
3.14428
3.13936
3.14796
3.14232
3.14432
3.14632
3.14476
3.14688
3.13456
3.13876
3.1472
3.14016
3.14568
3.1508
3.14148
3.13576
3.14628
3.1498
3.1302
3.14364
3.14284
3.13996
3.14828
3.14756
3.14768
3.14344
3.14532
3.1448
3.1434
3.14788
3.14276
3.13088
3.14712
3.14216
3.14512
3.1496
3.15396
3.149
3.15292
3.138
3.15172
3.13368
3.1396
3.13552
3.14096
3.1372
3.1372
3.15112
3.142
3.13896
3.13812
3.15036
3.13984
3.14436
3.14428
3.13396
3.14904
3.1442
3.14412
3.14556
3.1498
3.13604
3.13944
3.14188
3.14612
3.13792
3.13664
3.13972
3.14068
3.141
3.13948
3.14056
3.15336
3.14152
3.14248
3.13516
3.14336
3.14168
3.14372
3.12588
3.15072
3.15072
3.14808
3.14244
3.13848
3.13568
3.1396
3.14316
3.13768
3.1344
3.13476
3.13552
3.14676
3.14956
3.14864
3.14256
3.14212
3.13964
3.13944
3.14264
3.14704
3.13188
3.14572
3.13988
3.13228
3.13936
3.13408
3.13808
3.15912
3.14108
3.1462
3.14384
3.1422
3.13612
3.13684
3.14772
3.14812
3.13836
3.14788
3.14324
3.14868
3.14628
3.14156
3.14784
3.1398
3.14912
3.14244
3.13972
3.1312
3.14984
3.15016
3.13132
3.1418
3.14332
3.13536
3.14708
3.14264
3.15188
3.154
3.14468
3.14524
3.13876
3.14108
3.13896
3.1288
3.14104
3.1424
3.145
3.14644
3.13976
3.13792
3.14692
3.1322
3.13836
3.14056
3.13608
3.14224
3.14068
3.13968
3.14412
3.1432
3.14416
3.13792
3.14948
3.14236
3.13808
3.14564
3.1466
3.13388
3.13876
3.14684
3.14748
3.14108
3.14012
3.13684
3.14532
3.1462
3.14444
3.13784
3.14656
3.1444
3.13752
3.14692
3.13984
3.13976
3.14736
3.13644
3.14228
3.14584
3.13804
3.15008
3.14372
3.14224
3.1382
3.13612
3.1364
3.13204
3.1538
3.14572
3.13852
3.15584
3.1418
3.14304
3.1394
3.13884
3.14256
3.1386
3.134
3.14108
3.14016
3.13808
3.13552
3.14752
3.14076
3.14504
3.13956
3.15228
3.14464
3.13284
3.13636
3.14108
3.14364
3.14564
3.14512
3.1516
3.14068
3.1432
3.13712
3.15036
3.13772
3.13904
3.13636
3.14644
3.14324
3.13664
3.139
3.13396
3.14448
3.1482
3.13688
3.13996
3.14104
3.13564
3.14248
3.14012
3.13932
3.14164
3.14068
3.14444
3.14512
3.13932
3.13724
3.14172
3.13424
3.137
3.14752
3.139
3.13764
3.13936
3.1408
3.1436
3.138
3.14212
3.14348
3.139
3.15128
3.14316
3.1456
3.13488
3.14464
3.13864
3.13852
3.1476
3.14988
3.1404
3.14092
3.14512
3.14372
3.13644
3.13904
3.13372
3.14236
3.14236
3.146
3.1368
3.14256
3.1436
3.14124
3.14204
3.14096
3.13936
3.13624
3.14728
3.14188
3.1374
3.13764
3.14356
3.1418
3.13564
3.13848
3.15056
3.13048
3.13612
3.15044
3.14412
3.13728
3.14208
3.14756
3.1558
3.14964
3.13416
3.15004
3.13344
3.14508
3.1504
3.141
3.14356
3.1468
3.14456
3.14304
3.13492
3.14
3.14332
3.13392
3.14496
3.15168
3.14464
3.14636
3.1302
3.14252
3.14768
3.14204
3.14708
3.14836
3.14676
3.13616
3.13908
3.12564
3.14656
3.1386
3.1472
3.13708
3.14532
3.147
3.13512
3.13788
3.13496
3.1396
3.14856
3.13956
3.14616
3.14192
3.13832
3.1362
3.14588
3.14532
3.14228
3.14112
3.13964
3.14436
3.13916
3.14504
3.14428
3.1384
3.143
3.1388
3.141
3.14756
3.14108
3.13656
3.13836
3.13644
3.15176
3.147
3.13248
3.14008
3.1476
3.13524
3.1416
3.14012
3.14224
3.13844
3.13864
3.14196
3.14528
3.13908
3.14516
3.14956
3.14876
3.14
3.13448
3.14328
3.13908
3.13908
3.1484
3.1486
3.14412
3.13908
3.13764
3.14244
3.13268
3.1492
3.13604
3.13216
3.14536
3.13308
3.13368
3.1392
3.14076
3.14112
3.15024
3.13944
3.13008
3.14332
3.14136
3.1436
3.15236
3.1516
3.1362
3.13796
3.13504
3.1454
3.14076
3.14716
3.13624
3.13524
3.1416
3.1346
3.13324
3.14012
3.1476
3.1374
3.13884
3.1432
3.14612
3.14108
3.14272
3.1454
3.13332
3.1462
3.14712
3.14936
3.135
3.14388
3.1474
3.1458
3.14144
3.14328
3.14116
3.1438
3.14856
3.13992
3.13324
3.1378
3.14092
3.1424
3.14492
3.13712
3.14372
3.1404
3.14112
3.14032
3.1452
3.14112
3.13688
3.136
3.14636
3.1408
3.14116
3.13852
3.13684
3.14128
3.13856
3.14104
3.16076
3.14932
3.14612
3.13636
3.13952
3.14124
3.14084
3.13456
3.15624
3.1398
3.14288
3.14616
3.1474
3.13228
3.1404
3.1396
3.151
3.14148
3.14468
3.1372
3.14452
3.14272
3.14204
3.1332
3.14024
3.12944
3.13072
3.14288
3.15336
3.13312
3.13572
3.142
3.14336
3.13928
3.14748
3.14816
3.14988
3.14732
3.13396
3.13964
3.13868
3.15216
3.14188
3.1446
3.15064
3.139
3.13476
3.13688
3.14316
3.1326
3.14232
3.13592
3.14556
3.1432
3.14596
3.14008
3.13856
3.14496
3.15124
3.14432
3.13912
3.14744
3.13712
3.13816
3.15456
3.13308
3.13756
3.14376
3.1432
3.13952
3.13996
3.13788
3.13528
3.13244
3.13904
3.1476
3.14664
3.13548
3.14124
3.1438
3.13532
3.13576
3.14696
3.13908
3.1484
3.1414
3.14884
3.14616
3.13892
3.13512
3.13124
3.13736
3.1398
3.14352
3.13856
3.1408
3.14272
3.1352
3.1366
3.1388
3.13584
3.14204
3.13624
3.14924
3.13664
3.14668
3.14516
3.14092
3.13516
3.14096
3.14088
3.13584
3.13876
3.14208
3.13952
3.14076
3.13924
3.14628
3.14572
3.14196
3.1414
3.14076
3.1522
3.14296
3.14052
3.14096
3.14228
3.14244
3.15076
3.1392
3.13924
3.14404
3.14108
3.13816
3.14232
3.14352
3.15864
3.1488
3.13648
3.13404
3.13444
3.1506
3.1304
3.13612
3.1328
3.151
3.14184
3.14168
3.13468
3.1438
3.13156
3.13488
3.1482
3.14564
3.14292
3.14072
3.15052
3.14556
3.15156
3.13924
3.13848
3.14232
3.13536
3.14024
3.13856
3.13924
3.14048
3.13908
3.15116
3.14788
3.14948
3.1426
3.14064
3.15012
3.13848
3.14232
3.15024
3.13716
3.1418
3.13948
3.1434
3.1542
3.13512
3.1414
3.14288
3.13636
3.14096
3.14604
3.1402
3.14284
3.14128
3.14416
3.14492
3.15024
3.1486
3.14092
3.13368
3.14196
3.13968
3.1478
3.14444
3.13996
3.1418
3.13644
3.13972
3.13396
3.14672
3.13748
3.14292
3.14756
3.13536
3.14764
3.14004
3.14896
3.14652
3.14536
3.13604
3.14316
3.14948
3.1428
3.14376
3.14752
3.14496
3.14
3.13372
3.14164
3.138
3.14224
3.13228
3.14856
3.15
3.13548
3.15188
3.14448
3.14052
3.14276
3.14204
3.14004
3.14312
3.13928
3.13312
3.14592
3.1352
3.14756
3.14608
3.15008
3.14172
3.139
3.1468
3.13508
3.14244
3.14456
3.14744
3.14544
3.1406
3.13796
3.1352
3.14456
3.13492
3.1414
3.13804
3.14448
3.14404
3.13968
3.13932
3.13956
3.1342
3.13584
3.1418
3.14356
3.14672
3.14304
3.13884
3.1374
3.148
3.14112
3.1356
3.14128
3.14432
3.14648
3.14152
3.14584
3.14004
3.14036
3.1398
3.141
3.14464
3.13684
3.14272
3.1424
3.136
3.13856
3.14044
3.13584
3.13768
3.13748
3.14448
3.14152
3.14224
3.14304
3.14028
3.13972
3.135
3.149
3.14528
3.1426
3.13396
3.14428
3.13376
3.14904
3.12812
3.13304
3.13868
3.1268
3.14412
3.14068
3.1366
3.1376
3.14684
3.13924
3.1476
3.13244
3.1316
3.12996
3.1416
3.13952
3.1468
3.1412
3.1344
3.14496
3.14192
3.14492
3.14484
3.14544
3.14204
3.14304
3.13784
3.1462
3.12948
3.13308
3.14756
3.13768
3.14864
3.14952
3.13752
3.14516
3.13892
3.1324
3.14012
3.14436
3.14216
3.13732
3.13896
3.14664
3.15492
3.14688
3.14272
3.14592
3.14372
3.14676
3.1418
3.14224
3.14452
3.13976
3.13984
3.14504
3.13396
3.1436
3.1332
3.14356
3.14392
3.14104
3.1424
3.13888
3.13376
3.14116
3.1436
3.1394
3.14924
3.138
3.1356
3.13624
3.14756
3.1338
3.13636
3.14184
3.1374
3.13428
3.13696
3.14304
3.13388
3.14784
3.14532
3.13304
3.1474
3.15296
3.14704
3.149
3.1382
3.14468
3.14096
3.14348
3.13932
3.14868
3.14032
3.13628
3.15344
3.14584
3.14032
3.14128
3.1356
3.139
3.14068
3.14356
3.14072
3.14752
3.13732
3.1456
3.13872
3.15312
3.14924
3.13588
3.14732
3.14616
3.15352
3.14208
3.14992
3.13596
3.13128
3.13728
3.13428
3.14128
3.13824
3.139
3.13456
3.12956
3.136
3.13812
3.14232
3.13064
3.14216
3.14312
3.13004
3.14732
3.14088
3.1486
3.14236
3.15
3.14336
3.14724
3.14232
3.14864
3.15452
3.14636
3.14792
3.13964
3.14408
3.13568
3.13524
3.1418
3.15092
3.14388
3.135
3.14436
3.13516
3.14216
3.1378
3.14256
3.12976
3.1384
3.13392
3.14
3.14508
3.13896
3.13988
3.13776
3.14248
3.14444
3.13424
3.14712
3.14384
3.145
3.145
3.13228
3.13484
3.14244
3.14236
3.14152
3.1406
3.13972
3.13192
3.14324
3.1442
3.14032
3.13592
3.1436
3.14076
3.13136
3.14276
3.14536
3.13976
3.13684
3.13336
3.13464
3.14288
3.15096
3.13712
3.1294
3.14332
3.13288
3.13052
3.13
3.14368
3.14416
3.1362
3.14828
3.13568
3.13704
3.13524
3.14344
3.14184
3.1422
3.14596
3.14668
3.14676
3.13956
3.14528
3.13968
3.14564
3.13652
3.14352
3.15304
3.14168
3.14896
3.14248
3.14148
3.14108
3.1364
3.13776
3.13276
3.13884
3.13804
3.14032
3.13856
3.13856
3.14016
3.14048
3.14252
3.14276
3.15036
3.13556
3.1374
3.14284
3.1352
3.13692
3.13916
3.1466
3.14724
3.13768
3.13956
3.14608
3.14824
3.13608
3.1482
3.14572
3.13136
3.14452
3.14796
3.1454
3.13484
3.14448
3.13756
3.13584
3.13472
3.15124
3.14352
3.14988
3.14116
3.1392
3.13896
3.15544
3.14712
3.13804
3.14928
3.14744
3.13864
3.13624
3.14176
3.14604
3.13312
3.12976
3.133
3.14308
3.14012
3.13996
3.14108
3.14048
3.1416
3.14156
3.13564
3.14632
3.15032
3.14172
3.14052
3.14964
3.14116
3.13964
3.13892
3.14852
3.14392
3.13936
3.13576
3.13668
3.13944
3.14156
3.14448
3.1364
3.1486
3.1414
3.13756
3.14496
3.14832
3.1454
3.13248
3.13888
3.1446
3.14336
3.14084
3.14332
3.1462
3.14124
3.13564
3.14892
3.14924
3.14324
3.13972
3.13484
3.13888
3.1472
3.15264
3.14676
3.14668
3.14164
3.14412
3.13788
3.13744
3.14864
3.14216
3.14292
3.14648
3.13188
3.14856
3.13244
3.15432
3.15016
3.14284
3.14128
3.13896
3.1444
3.13656
3.15268
3.13892
3.15152
3.14044
3.13072
3.14096
3.13936
3.13512
3.13784
3.15188
3.13348
3.14176
3.14212
3.1404
3.1322
3.13928
3.14972
3.13932
3.1412
3.1384
3.13928
3.14144
3.14644
3.14308
3.14128
3.1382
3.14028
3.141
3.1452
3.14932
3.14036
3.1462
3.14236
3.1428
3.14648
3.14564
3.13036
3.13356
3.14672
3.14412
3.15244
3.1286
3.14032
3.1464
3.147
3.14656
3.14392
3.13452
3.13252
3.14072
3.14732
3.1408
3.1336
3.1466
3.1408
3.13672
3.14892
3.1426
3.14736
3.14844
3.14648
3.1394
3.13704
3.14084
3.15296
3.14524
3.14772
3.12868
3.13768
3.1386
3.13956
3.14608
3.14024
3.14852
3.14792
3.13724
3.14516
3.13592
3.144
3.1352
3.14124
3.13784
3.13948
3.14784
3.13808
3.13624
3.14892
3.13528
3.14184
3.14508
3.1412
3.14532
3.15508
3.14464
3.13916
3.14116
3.13648
3.14288
3.14008
3.13416
3.13784
3.14248
3.14516
3.14724
3.1422
3.1402
3.1452
3.13884
3.1364
3.1382
3.13552
3.1358
3.14332
3.14576
3.14496
3.1434
3.12788
3.1444
3.14512
3.14352
3.14796
3.13764
3.1462
3.14236
3.14764
3.14144
3.14744
3.13656
3.13936
3.14272
3.14424
3.14156
3.13416
3.1422
3.14628
3.14588
3.13528
3.14312
3.14152
3.14064
3.13816
3.15164
3.14228
3.145
3.14356
3.1494
3.13636
3.13796
3.13592
3.14376
3.13228
3.1384
3.14768
3.13996
3.13976
3.144
3.14724
3.14236
3.14104
3.14168
3.14872
3.15012
3.13376
3.13172
3.15048
3.14264
3.14728
3.13712
3.13844
3.1446
3.14296
3.14092
3.14628
3.14956
3.14568
3.14688
3.13376
3.14268
3.14504
3.1392
3.1468
3.14696
3.14432
3.14064
3.1426
3.13716
3.1474
3.1308
3.14008
3.13028
3.1398
3.14808
3.14408
3.14088
3.14396
3.13464
3.1472
3.14084
3.13972
3.14164
3.13992
3.141
3.14888
3.13764
3.14116
3.1488
3.13996
3.13828
3.1372
3.13456
3.13792
3.14672
3.14488
3.1334
3.14716
3.14276
3.1412
3.14324
3.13256
3.14216
3.1328
3.13812
3.13928
3.14476
3.1404
3.14092
3.14964
3.13452
3.14212
3.13556
3.14192
3.1418
3.13776
3.14392
3.14296
3.14084
3.14224
3.14332
3.14896
3.14344
3.13708
3.14176
3.14004
3.143
3.1384
3.14516
3.14088
3.14056
3.1418
3.13988
3.14388
3.1464
3.14364
3.14164
3.15056
3.13324
3.14556
3.13512
3.14048
3.14084
3.14436
3.13568
3.14504
3.13788
3.14648
3.1346
3.14204
3.13428
3.14176
3.14216
3.13416
3.12848
3.141
3.14144
3.14008
3.14268
3.13616
3.14604
3.13636
3.14676
3.14256
3.14644
3.13904
3.14232
3.13712
3.1458
3.13744
3.14076
3.14696
3.14148
3.1398
3.14156
3.13244
3.13584
3.13872
3.14892
3.1362
3.13372
3.14584
3.1476
3.13884
3.14892
3.14452
3.14164
3.1398
3.15116
3.1342
3.1366
3.147
3.1348
3.13784
3.137
3.14996
3.13892
3.14276
3.14604
3.14272
3.14036
3.14872
3.14288
3.1392
3.1478
3.14604
3.14936
3.14576
3.13828
3.14368
3.13384
3.12856
3.1486
3.13436
3.1464
3.14568
3.1456
3.13688
3.135
3.14516
3.13936
3.13816
3.14324
3.14716
3.1364
3.13744
3.15228
3.13572
3.13596
3.13464
3.13276
3.14628
3.14316
3.14564
3.14088
3.1418
3.14156
3.14144
3.14464
3.143
3.1448
3.1498
3.15252
3.14632
3.13544
3.1434
3.1386
3.14
3.148
3.15192
3.12956
3.12848
3.13816
3.14332
3.13828
3.14168
3.13724
3.1472
3.13944
3.14168
3.14496
3.14452
3.14128
3.14216
3.1432
3.1376
3.13612
3.1408
3.14656
3.149
3.1482
3.13608
3.14208
3.14628
3.14164
3.14108
3.13636
3.13284
3.133
3.1436
3.1448
3.1434
3.14312
3.14524
3.14476
3.13504
3.14036
3.14444
3.14308
3.1284
3.1402
3.14348
3.14428
3.14284
3.1422
3.1402
3.14316
3.1442
3.14404
3.1442
3.14468
3.14316
3.14272
3.14544
3.14244
3.13472
3.13816
3.14608
3.13604
3.14032
3.14944
3.13928
3.14556
3.13656
3.14636
3.13296
3.15232
3.14008
3.14
3.14584
3.1412
3.14068
3.14564
3.15132
3.1412
3.14356
3.14328
3.14836
3.13912
3.13012
3.14476
3.12704
3.14612
3.14144
3.1412
3.14976
3.13672
3.14276
3.14684
3.14448
3.149
3.13292
3.13892
3.14584
3.14168
3.14756
3.14608
3.14304
3.13424
3.14768
3.12916
3.14272
3.13288
3.13512
3.14036
3.14856
3.14188
3.1388
3.13732
3.13576
3.13324
3.14224
3.14424
3.1418
3.13496
3.13888
3.1442
3.14088
3.14468
3.13868
3.14144
3.14752
3.13792
3.15012
3.14196
3.1424
3.13464
3.13768
3.14328
3.13964
3.14572
3.1464
3.14428
3.14088
3.14176
3.13864
3.14044
3.1504
3.14464
3.1378
3.14164
3.13688
3.13244
3.13376
3.14408
3.13576
3.13928
3.14336
3.14528
3.13644
3.13872
3.15504
3.14012
3.14452
3.1436
3.14704
3.14592
3.14004
3.14076
3.14844
3.14072
3.14388
3.14988
3.13756
3.14308
3.14528
3.13884
3.14008
3.14584
3.15496
3.14664
3.15044
3.1494
3.13612
3.14332
3.13984
3.15012
3.14536
3.14348
3.14052
3.14996
3.13128
3.13272
3.13724
3.14012
3.1492
3.14572
3.13908
3.1398
3.138
3.13788
3.14388
3.13096
3.13188
3.14964
3.13588
3.14268
3.1346
3.13636
3.1458
3.14148
3.13288
3.1412
3.1368
3.1378
3.15248
3.13632
3.1446
3.14168
3.14096
3.14568
3.1404
3.1454
3.13976
3.14276
3.1478
3.1438
3.14456
3.13868
3.13852
3.14848
3.1406
3.14176
3.1412
3.13628
3.1398
3.13528
3.14612
3.14624
3.147
3.13236
3.14052
3.14548
3.13876
3.1508
3.14392
3.14568
3.1496
3.1342
3.14576
3.14872
3.14228
3.14048
3.13264
3.13876
3.14388
3.13864
3.14068
3.14284
3.15052
3.13124
3.14012
3.14536
3.14372
3.13652
3.14252
3.1432
3.13116
3.14368
3.14408
3.14324
3.14168
3.13036
3.139
3.14004
3.13628
3.13892
3.14256
3.133
3.14496
3.14332
3.13476
3.13948
3.14272
3.13296
3.14544
3.14616
3.14052
3.13392
3.14004
3.13536
3.1436
3.1396
3.14228
3.13892
3.13876
3.15024
3.13956
3.15096
3.1474
3.14132
3.1406
3.14536
3.14104
3.14892
3.14104
3.13472
3.143
3.14928
3.13896
3.14244
3.14344
3.1442
3.14364
3.1456
3.14864
3.1474
3.1412
3.1406
3.14776
3.136
3.14672
3.13944
3.13128
3.1358
3.14292
3.13204
3.1478
3.1506
3.14252
3.14188
3.14244
3.13688
3.14524
3.13988
3.13452
3.15136
3.14404
3.13852
3.14496
3.12956
3.14196
3.14052
3.1428
3.1474
3.14152
3.13608
3.14316
3.1398
3.13788
3.14348
3.13672
3.13692
3.14232
3.14368
3.1392
3.1416
3.1408
3.132
3.14416
3.13416
3.1418
3.14096
3.14088
3.14764
3.14024
3.13372
3.14232
3.14628
3.1466
3.1436
3.1478
3.13784
3.14052
3.14368
3.13932
3.1436
3.13612
3.14528
3.1464
3.13844
3.14228
3.1338
3.14768
3.1494
3.13432
3.14484
3.14084
3.14316
3.13836
3.13824
3.1444
3.15616
3.14392
3.14356
3.1316
3.1444
3.13932
3.14548
3.14076
3.15052
3.14428
3.13584
3.1506
3.1338
3.14204
3.13924
3.14448
3.14044
3.13724
3.14044
3.15372
3.14292
3.13996
3.14908
3.14204
3.13628
3.149
3.14472
3.14376
3.13924
3.14356
3.14272
3.13612
3.14832
3.14224
3.14768
3.14292
3.14688
3.13464
3.14
3.13972
3.14856
3.14804
3.14108
3.13416
3.14864
3.14868
3.1396
3.13232
3.1534
3.14012
3.1422
3.13008
3.13828
3.14516
3.144
3.1372
3.14584
3.14176
3.14332
3.1434
3.1286
3.13656
3.14144
3.14736
3.141
3.14156
3.14232
3.14276
3.14172
3.13688
3.151
3.15188
3.13572
3.14376
3.14368
3.14284
3.1422
3.1452
3.13932
3.1418
3.14624
3.13544
3.15004
3.1438
3.14552
3.13652
3.13804
3.13808
3.14116
3.13984
3.144
3.1492
3.14084
3.14524
3.12996
3.13764
3.14408
3.146
3.14736
3.14132
3.13652
3.13796
3.13808
3.14252
3.14036
3.14948
3.1478
3.14616
3.13716
3.14288
3.1466
3.13944
3.13956
3.14196
3.14168
3.1364
3.14692
3.14328
3.1478
3.13888
3.14568
3.14292
3.14064
3.13548
3.1408
