3.1356
3.1324
3.1676
3.132
3.1412
3.1356
3.126
3.1456
3.1456
3.1428
3.1152
3.1352
3.1436
3.1656
3.1368
3.12
3.1648
3.1576
3.1312
3.1484
3.1128
3.1296
3.1372
3.1608
3.1328
3.128
3.1528
3.1616
3.1472
3.1412
3.1452
3.1272
3.1332
3.106
3.168
3.1452
3.1632
3.158
3.13
3.1304
3.1732
3.1216
3.1276
3.1676
3.1436
3.1192
3.1428
3.1304
3.1476
3.1084
3.1392
3.1868
3.1716
3.1384
3.17
3.1332
3.1264
3.0976
3.1468
3.1612
3.1396
3.1452
3.1184
3.1736
3.1536
3.1492
3.1548
3.164
3.166
3.1768
3.1284
3.1296
3.1496
3.1208
3.122
3.1308
3.1384
3.144
3.12
3.1608
3.1672
3.1476
3.1444
3.1392
3.116
3.1448
3.136
3.1604
3.1624
3.1076
3.126
3.1296
3.1244
3.1476
3.1448
3.152
3.1192
3.1152
3.1632
3.1104
3.1392
3.1032
3.1128
3.164
3.118
3.1544
3.1412
3.1228
3.1344
3.1336
3.1392
3.1604
3.1448
3.1144
3.1552
3.1464
3.1468
3.1272
3.1324
3.1232
3.1132
3.1364
3.1444
3.1504
3.1124
3.1348
3.1328
3.1584
3.1636
3.1376
3.1412
3.1608
3.1396
3.1232
3.1456
3.128
3.1556
3.112
3.1488
3.134
3.156
3.1568
3.1232
3.1404
3.134
3.1452
3.1396
3.1288
3.11
3.1604
3.1592
3.1444
3.1176
3.1304
3.1396
3.1472
3.0928
3.2036
3.112
3.162
3.096
3.154
3.1576
3.1588
3.138
3.1244
3.1276
3.1476
3.1128
3.1108
3.14
3.1264
3.1164
3.1228
3.108
3.1228
3.1592
3.1196
3.1628
3.1556
3.1464
3.1368
3.1852
3.1516
3.1392
3.1508
3.1396
3.1592
3.138
3.1516
3.182
3.156
3.1292
3.1536
3.15
3.1516
3.1568
3.1052
3.0904
3.144
3.1356
3.142
3.1744
3.146
3.1172
3.13
3.1156
3.1412
3.1348
3.1196
3.1352
3.1512
3.1356
3.1156
3.1644
3.1444
3.1716
3.1236
3.134
3.1608
3.1484
3.1492
3.1444
3.1676
3.1532
3.1692
3.1444
3.1316
3.1164
3.128
3.1364
3.138
3.1212
3.1432
3.1564
3.1512
3.1476
3.1448
3.1472
3.1356
3.1508
3.1292
3.1432
3.1616
3.1936
3.1332
3.1376
3.14
3.1356
3.134
3.1396
3.1652
3.1236
3.1412
3.1444
3.1248
3.1624
3.1572
3.1116
3.1356
3.1472
3.1608
3.142
3.1124
3.1144
3.1676
3.1188
3.146
3.1084
3.1784
3.1356
3.1424
3.1476
3.14
3.1508
3.1536
3.1132
3.1528
3.1736
3.1384
3.1496
3.1648
3.1016
3.1692
3.1312
3.1464
3.1216
3.1348
3.12
3.1508
3.1368
3.1348
3.1472
3.12
3.1344
3.1336
3.1628
3.1692
3.1316
3.1416
3.154
3.14
3.1576
3.1156
3.1564
3.1196
3.1228
3.156
3.1552
3.1296
3.1456
3.1812
3.1584
3.182
3.1204
3.1304
3.1624
3.124
3.1364
3.156
3.122
3.1432
3.1276
3.1028
3.094
3.1476
3.1624
3.1316
3.1248
3.124
3.14
3.1316
3.1436
3.1452
3.1608
3.1328
3.1512
3.1328
3.1516
3.1404
3.1284
3.1504
3.1244
3.1448
3.16
3.1648
3.1208
3.1508
3.1388
3.1192
3.1488
3.164
3.142
3.1428
3.1452
3.1384
3.1352
3.1464
3.162
3.1364
3.1476
3.144
3.1348
3.1352
3.1568
3.1524
3.148
3.1496
3.1456
3.1308
3.1424
3.1224
3.1532
3.164
3.1248
3.1552
3.1184
3.1376
3.1416
3.1368
3.1428
3.1656
3.1512
3.1448
3.1272
3.178
3.1176
3.1604
3.1404
3.156
3.1552
3.1484
3.1484
3.1112
3.1528
3.1636
3.1272
3.1084
3.1328
3.1312
3.1092
3.1184
3.1152
3.1288
3.1648
3.1452
3.1516
3.1356
3.1408
3.1388
3.1444
3.1536
3.1644
3.1112
3.1492
3.1492
3.1568
3.1812
3.1328
3.1336
3.1336
3.1504
3.1632
3.11
3.164
3.1708
3.1576
3.1588
3.1368
3.1476
3.128
3.1372
3.1328
3.1556
3.12
3.132
3.1252
3.1432
3.1584
3.1496
3.1292
3.1196
3.1508
3.146
3.1568
3.1336
3.156
3.1624
3.1696
3.14
3.1116
3.1496
3.168
3.1712
3.1188
3.142
3.1344
3.1396
3.1296
3.1292
3.1484
3.1324
3.146
3.12
3.1304
3.152
3.11
3.1524
3.1388
3.1368
3.1828
3.1384
3.1656
3.1672
3.142
3.138
3.1168
3.1356
3.1636
3.1404
3.132
3.1648
3.1464
3.136
3.1708
3.1776
3.1148
3.1456
3.13
3.1404
3.1528
3.1592
3.13
3.1572
3.1508
3.1272
3.14
3.1072
3.1352
3.1132
3.1308
3.1384
3.1324
3.1624
3.1328
3.1484
3.1628
3.1596
3.132
3.1496
3.1416
3.1468
3.1428
3.1128
3.1552
3.1532
3.1196
3.1572
3.1508
3.1348
3.136
3.156
3.1448
3.138
3.1532
3.158
3.1468
3.146
3.1576
3.1452
3.1196
3.1288
3.1632
3.1572
3.1288
3.1448
3.1216
3.152
3.1428
3.1272
3.1556
3.1452
3.156
3.1456
3.1488
3.1268
3.108
3.1428
3.1456
3.1504
3.1472
3.1652
3.1372
3.144
3.1476
3.1652
3.1532
3.148
3.1464
3.1512
3.134
3.1412
3.1764
3.1432
3.1268
3.1344
3.1576
3.1544
3.162
3.152
3.1384
3.1328
3.1552
3.1032
3.1492
3.1712
3.1624
3.1476
3.1556
3.1172
3.1348
3.1468
3.1184
3.1492
3.152
3.1544
3.1584
3.1204
3.136
3.1448
3.1184
3.1516
3.1148
3.0936
3.1512
3.1704
3.1288
3.14
3.1416
3.154
3.138
3.1204
3.1416
3.1476
3.1312
3.1356
3.1504
3.1556
3.1292
3.1392
3.1492
3.1456
3.1208
3.1428
3.1348
3.1124
3.1388
3.1488
3.1172
3.1192
3.1412
3.1792
3.166
3.1876
3.1572
3.16
3.1604
3.1236
3.124
3.15
3.144
3.14
3.1376
3.1272
3.136
3.136
3.136
3.126
3.1256
3.1348
3.144
3.162
3.1712
3.1308
3.1168
3.17
3.1472
3.1328
3.13
3.1228
3.1448
3.1644
3.134
3.1344
3.1484
3.182
3.164
3.1416
3.1168
3.1424
3.142
3.148
3.1684
3.1696
3.1416
3.1516
3.1436
3.1352
3.1188
3.1352
3.12
3.1084
3.1368
3.1484
3.1624
3.1396
3.1352
3.1232
3.1584
3.1348
3.1472
3.1532
3.1536
3.1352
3.1296
3.122
3.142
3.1452
3.1436
3.1468
3.1216
3.1488
3.1248
3.1356
3.126
3.1564
3.1292
3.1392
3.1588
3.1436
3.1416
3.112
3.1528
3.15
3.1064
3.1368
3.1368
3.1372
3.1252
3.1392
3.1276
3.1772
3.1428
3.1376
3.1384
3.1368
3.1356
3.1032
3.134
3.1464
3.16
3.1276
3.1576
3.1352
3.1392
3.1408
3.1516
3.1656
3.156
3.128
3.1456
3.1484
3.1372
3.1476
3.138
3.154
3.1276
3.132
3.1456
3.1248
3.1264
3.1084
3.1496
3.152
3.15
3.1172
3.1268
3.148
3.1508
3.1388
3.156
3.1312
3.1376
3.1632
3.1236
3.15
3.1252
3.1336
3.1528
3.1316
3.1488
3.1332
3.1492
3.1248
3.0988
3.12
3.134
3.15
3.1236
3.1516
3.142
3.1184
3.1404
3.142
3.1588
3.1208
3.1344
3.1544
3.1376
3.1324
3.1496
3.1164
3.1684
3.16
3.1296
3.1564
3.1616
3.1128
3.114
3.1212
3.126
3.1652
3.1528
3.1956
3.148
3.1488
3.1184
3.1152
3.1312
3.128
3.1376
3.1456
3.16
3.1296
3.144
3.1148
3.164
3.1156
3.1456
3.1344
3.1488
3.1436
3.1332
3.1272
3.1432
3.14
3.1196
3.1728
3.1256
3.1604
3.1316
3.1408
3.1268
3.15
3.1268
3.1296
3.142
3.1268
3.132
3.1304
3.1416
3.1736
3.14
3.12
3.1404
3.1344
3.1548
3.156
3.118
3.1544
3.1452
3.1308
3.1472
3.1396
3.1664
3.1504
3.1152
3.1424
3.144
3.1468
3.1824
3.1436
3.1624
3.1104
3.134
3.12
3.152
3.162
3.1752
3.1204
3.1264
3.1376
3.1312
3.1568
3.144
3.1412
3.1488
3.1296
3.132
3.1384
3.1216
3.1208
3.1392
3.1568
3.1312
3.152
3.1396
3.1764
3.1288
3.1532
3.1468
3.1288
3.1476
3.1344
3.108
3.1432
3.1236
3.132
3.1364
3.1408
3.1536
3.1008
3.1372
3.1492
3.1504
3.1304
3.1028
3.1432
3.1452
3.1596
3.1448
3.1428
3.1344
3.1552
3.1328
3.1472
3.1312
3.1536
3.1708
3.1564
3.1324
3.1516
3.1192
3.1232
3.1492
3.154
3.1576
3.1168
3.1588
3.1152
3.1432
3.1492
3.1204
3.1412
3.1336
3.1416
3.132
3.158
3.132
3.1532
3.1216
3.1372
3.146
3.1212
3.1684
3.154
3.1528
3.1296
3.1292
3.1444
3.1152
3.156
3.1536
3.1588
3.1224
3.1244
3.138
3.1384
3.1464
3.1396
3.142
3.1208
3.1476
3.162
3.1352
3.164
3.1544
3.1344
3.124
3.1504
3.1272
3.1392
3.1436
3.1444
3.1568
3.1676
3.1372
3.1572
3.1276
3.1176
3.134
3.1356
3.146
3.1496
3.1144
3.1536
3.128
3.1416
3.158
3.15
3.1204
3.1408
3.1344
3.1484
3.1344
3.1524
3.1616
3.13
3.138
3.148
3.1404
3.178
3.1076
3.1296
3.1576
3.1304
3.1388
3.1224
3.1508
3.1272
3.1468
3.1104
3.1616
3.1068
3.1292
3.1664
3.1316
3.1364
3.146
3.1488
3.1652
3.1412
3.1352
3.1604
3.176
3.1468
3.1652
3.1456
3.1336
3.1296
3.1092
3.1328
3.1392
3.1376
3.12
3.126
3.1144
3.1252
3.1604
3.1212
3.1012
3.1564
3.1544
3.1484
3.1624
3.1352
3.1356
3.1456
3.144
3.1052
3.1388
3.1504
3.1476
3.1256
3.1364
3.1528
3.1264
3.1208
3.1444
3.1564
3.14
3.1104
3.1332
3.1204
3.1396
3.1292
3.1448
3.1184
3.1032
3.1256
3.144
3.1292
3.1444
3.1304
3.1248
3.1552
3.1248
3.134
3.084
3.136
3.1156
3.15
3.1324
3.1304
3.1464
3.1232
3.1528
3.1328
3.1448
3.1584
3.14
3.1452
3.1452
3.1332
3.1228
3.1192
3.1264
3.1644
3.1576
3.132
3.1292
3.1408
3.1276
3.1672
3.1336
3.146
3.136
3.1492
3.1108
3.154
3.146
3.1632
3.156
3.1532
3.1572
3.1484
3.158
3.1756
3.166
3.1568
3.1612
3.1616
3.1392
3.1536
3.1436
3.144
3.144
3.184
3.1544
3.1208
3.1168
3.1316
3.14
3.1416
3.1576
3.1444
3.1264
3.1492
3.1456
3.1424
3.1396
3.134
3.1208
3.1472
3.1376
3.1264
3.1744
3.1396
3.1436
3.118
3.1224
3.1468
3.152
3.1672
3.1512
3.1584
3.1512
3.1348
3.1264
3.1496
3.1356
3.1176
3.1472
3.1688
3.1484
3.1564
3.124
3.148
3.1404
3.1652
3.1324
3.1508
3.178
3.1528
3.1444
3.1472
3.1884
3.14
3.1324
3.1548
3.1328
3.1608
3.1452
3.1584
3.112
3.138
3.1476
3.128
3.1712
3.1244
3.1708
3.1528
3.1488
3.1236
3.1316
3.162
3.154
3.1652
3.1644
3.1428
3.1404
3.1256
3.15
3.1584
3.1536
3.152
3.1268
3.1388
3.132
3.1572
3.128
3.1568
3.1208
3.1468
3.1428
3.168
3.136
3.1744
3.1344
3.124
3.1344
3.124
3.1216
3.1356
3.136
3.1328
3.1548
3.1556
3.1404
3.1196
3.1364
3.1392
3.118
3.1544
3.1336
3.1612
3.142
3.1392
3.13
3.1528
3.13
3.13
3.1256
3.134
3.1696
3.1296
3.1464
3.1536
3.1172
3.1204
3.1336
3.1208
3.1648
3.1424
3.1156
3.1484
3.1212
3.1332
3.1544
3.1284
3.1364
3.1348
3.1292
3.1464
3.1428
3.1452
3.1268
3.1312
3.1388
3.098
3.1376
3.1472
3.1232
3.1312
3.1572
3.1444
3.1148
3.1336
3.1616
3.136
3.1476
3.122
3.1348
3.1684
3.126
3.1332
3.12
3.1148
3.146
3.1304
3.1232
3.1516
3.1552
3.1508
3.1316
3.1524
3.1236
3.14
3.148
3.1584
3.152
3.1408
3.138
3.156
3.1452
3.12
3.1264
3.1276
3.162
3.1464
3.1376
3.1576
3.116
3.128
3.1376
3.1152
3.116
3.1232
3.1324
3.132
3.1348
3.1252
3.1508
3.132
3.1512
3.1444
3.1416
3.1688
3.1072
3.1672
3.1432
3.1272
3.1448
3.1224
3.1276
3.1648
3.1688
3.1856
3.154
3.1232
3.1204
3.1676
3.1284
3.1444
3.1256
3.1396
3.1408
3.1368
3.1356
3.1556
3.1348
3.1232
3.1868
3.1368
3.1384
3.1176
3.1304
3.1628
3.1588
3.1532
3.124
3.1332
3.1236
3.1112
3.1316
3.1592
3.146
3.12
3.134
3.168
3.1544
3.1544
3.1508
3.1284
3.1396
3.1132
3.1556
3.1376
3.1468
3.1472
3.1432
3.1768
3.1504
3.1104
3.1264
3.13
3.1288
3.1612
3.1228
3.1388
3.146
3.1524
3.1404
3.1264
3.1264
3.132
3.1164
3.1328
3.1428
3.1316
3.1496
3.138
3.1192
3.1648
3.1732
3.1524
3.1612
3.1276
3.1504
3.1512
3.162
3.1128
3.1292
3.1564
3.1692
3.1224
3.164
3.1684
3.1332
3.144
3.1332
3.1092
3.154
3.1284
3.1636
3.1632
3.1532
3.138
3.1432
3.1216
3.1356
3.1748
3.1316
3.1676
3.1368
3.1228
3.1464
3.1508
3.1404
3.1564
3.1576
3.1116
3.142
3.1588
3.164
3.1244
3.1232
3.1168
3.166
3.1576
3.1444
3.112
3.18
3.132
3.172
3.1688
3.1352
3.1216
3.1572
3.1384
3.1728
3.1312
3.1316
3.1576
3.132
3.1556
3.13
3.1344
3.1548
3.142
3.144
3.142
3.1736
3.1448
3.136
3.1284
3.1196
3.1312
3.1536
3.1296
3.1316
3.1616
3.1544
3.1492
3.1412
3.1524
3.1596
3.1336
3.1248
3.1148
3.1264
3.1768
3.1268
3.114
3.1348
3.126
3.136
3.1568
3.1472
3.1396
3.1324
3.1324
3.1192
3.1284
3.1068
3.1164
3.1472
3.1576
3.1436
3.1656
3.146
3.1064
3.1384
3.122
3.1528
3.1648
3.1268
3.156
3.1036
3.1232
3.1536
3.132
3.1808
3.1168
3.1372
3.1476
3.142
3.1584
3.1648
3.1324
3.1584
3.1676
3.144
3.1648
3.1588
3.1536
3.1392
3.1208
3.1416
3.144
3.146
3.1216
3.1584
3.1756
3.1504
3.1704
3.1664
3.1324
3.1284
3.1852
3.1132
3.132
3.1672
3.13
3.1692
3.1752
3.1524
3.1148
3.148
3.1152
3.1524
3.1464
3.1528
3.1324
3.1332
3.1676
3.1396
3.1444
3.126
3.1224
3.1384
3.1256
3.132
3.1668
3.1712
3.1136
3.128
3.1384
3.1348
3.1316
3.14
3.1256
3.1468
3.1408
3.1284
3.1624
3.132
3.1484
3.144
3.1424
3.1624
3.1396
3.1416
3.162
3.176
3.1308
3.116
3.1712
3.1532
3.1488
3.13
3.1296
3.1484
3.1264
3.1628
3.1608
3.1344
3.1372
3.1356
3.1376
3.1396
3.1484
3.1544
3.1376
3.1296
3.146
3.1508
3.1452
3.15
3.1352
3.1704
3.1524
3.1516
3.1552
3.1448
3.1284
3.128
3.1364
3.1424
3.1388
3.14
3.144
3.1368
3.1568
3.1568
3.148
3.1336
3.142
3.1284
3.1472
3.154
3.1464
3.1116
3.1384
3.1532
3.16
3.1424
3.13
3.16
3.1644
3.1488
3.144
3.1416
3.1632
3.128
3.1616
3.1544
3.1248
3.11
3.1008
3.1424
3.1308
3.1324
3.1232
3.1396
3.1824
3.1636
3.146
3.1288
3.1288
3.126
3.1444
3.1392
3.1692
3.1568
3.1552
3.1276
3.1276
3.162
3.132
3.1256
3.1296
3.1496
3.144
3.144
3.1304
3.1404
3.158
3.1524
3.1376
3.1696
3.166
3.142
3.0992
3.1284
3.1452
3.1592
3.134
3.1152
3.1316
3.1128
3.1356
3.148
3.1192
3.1256
3.1436
3.1284
3.1524
3.1632
3.1184
3.1148
3.1312
3.1472
3.1248
3.1316
3.144
3.134
3.1456
3.1424
3.1736
3.1216
3.138
3.1488
3.1208
3.1692
3.114
3.1584
3.128
3.1556
3.1468
3.1468
3.1476
3.1536
3.0916
3.1504
3.1632
3.148
3.1308
3.124
3.1504
3.1676
3.1484
3.1444
3.1344
3.1364
3.1492
3.1368
3.1336
3.1216
3.146
3.1384
3.1612
3.1296
3.156
3.1248
3.1484
3.1224
3.1404
3.1428
3.1252
3.1368
3.138
3.1504
3.1672
3.1676
3.158
3.1772
3.1556
3.1208
3.1548
3.0968
3.1392
3.1492
3.1512
3.1428
3.1388
3.16
3.1164
3.1636
3.118
3.1568
3.1356
3.1008
3.1444
3.11
3.172
3.1576
3.1568
3.1528
3.166
3.1196
3.1544
3.136
3.152
3.1252
3.1408
3.1428
3.1652
3.11
3.1488
3.1092
3.1308
3.1336
3.1652
3.1476
3.134
3.1324
3.132
3.13
3.1236
3.15
3.1436
3.168
3.1632
3.1296
3.1552
3.1072
3.1404
3.1612
3.138
3.1596
3.128
3.1336
3.1708
3.1328
3.1548
3.1376
3.1428
3.1548
3.13
3.1476
3.1272
3.1556
3.1592
3.1432
3.1388
3.1272
3.132
3.1316
3.1716
3.1128
3.1584
3.1528
3.126
3.1444
3.1364
3.1552
3.1636
3.1088
3.1448
3.1584
3.144
3.1212
3.1428
3.1364
3.1576
3.1236
3.1488
3.1644
3.1428
3.1364
3.1128
3.1104
3.1372
3.1136
3.162
3.1432
3.1452
3.1324
3.1364
3.122
3.1596
3.122
3.1344
3.1592
3.1264
3.1396
3.1732
3.142
3.1356
3.1512
3.1496
3.1588
3.14
3.128
3.1668
3.1456
3.1212
3.1408
3.1268
3.136
3.126
3.128
3.1128
3.1548
3.1636
3.1772
3.1424
3.1328
3.1628
3.1544
3.1508
3.1372
3.1416
3.148
3.1808
3.1372
3.1436
3.1464
3.1088
3.1332
3.1448
3.152
3.1288
3.1564
3.1492
3.1248
3.154
3.1444
3.1396
3.15
3.1592
3.1624
3.1216
3.1476
3.1496
3.1372
3.1308
3.1568
3.1244
3.1444
3.154
3.1308
3.1592
3.1264
3.136
3.14
3.1388
3.142
3.1232
3.1388
3.1444
3.1476
3.152
3.1276
3.1204
3.1388
3.1388
3.1108
3.1316
3.1404
3.1644
3.1352
3.14
3.1328
3.1504
3.17
3.1336
3.1232
3.1512
3.1296
3.138
3.1396
3.1004
3.1672
3.1168
3.1016
3.1448
3.1948
3.1304
3.1364
3.1432
3.1776
3.1336
3.1212
3.1372
3.1364
3.1496
3.1748
3.1456
3.158
3.176
3.1204
3.1228
3.1152
3.1704
3.16
3.138
3.132
3.1372
3.1496
3.1064
3.1236
3.17
3.1412
3.1532
3.1624
3.1472
3.1176
3.1356
3.1788
3.1188
3.1424
3.1496
3.1412
3.1468
3.1188
3.1368
3.1408
3.1432
3.1368
3.1752
3.178
3.1336
3.1656
3.1464
3.1524
3.1336
3.1236
3.1404
3.1216
3.1212
3.112
3.1324
3.1356
3.1284
3.1696
3.1368
3.1528
3.166
3.1232
3.1336
3.1412
3.1412
3.1196
3.1588
3.1404
3.1324
3.144
3.1568
3.1652
3.1184
3.1276
3.1404
3.1088
3.1316
3.144
3.1688
3.1452
3.158
3.1536
3.1392
3.1668
3.1272
3.1312
3.164
3.1388
3.14
3.128
3.1256
3.1444
3.1028
3.114
3.1376
3.146
3.15
3.1488
3.1152
3.1328
3.1644
3.1472
3.1396
3.114
3.164
3.1064
3.116
3.1516
3.1304
3.142
3.134
3.1488
3.1232
3.1868
3.16
3.144
3.156
3.126
3.164
3.1368
3.1336
3.1484
3.142
3.1276
3.1336
3.138
3.1408
3.1508
3.1588
3.1588
3.1584
3.1324
3.1408
3.1696
3.1236
3.1372
3.148
3.1836
3.1604
3.1416
3.1372
3.16
3.1636
3.1604
3.1104
3.1536
3.1308
3.1304
3.14
3.132
3.1328
3.1408
3.1448
3.1108
3.1468
3.1412
3.1416
3.15
3.1512
3.1572
3.156
3.1488
3.1404
3.1484
3.1408
3.132
3.166
3.1456
3.1464
3.1652
3.1716
3.1248
3.1568
3.1596
3.1516
3.16
3.1484
3.1316
3.132
3.164
3.1472
3.1532
3.132
3.1304
3.1672
3.1328
3.1564
3.1516
3.1524
3.1456
3.1612
3.134
3.1556
3.1468
3.186
3.1268
3.1576
3.1296
3.14
3.13
3.1644
3.1284
3.1592
3.1484
3.1488
3.1468
3.1648
3.1508
3.172
3.1424
3.1256
3.1156
3.1256
3.1444
3.1364
3.1664
3.1628
3.14
3.124
3.154
3.1372
3.1736
3.1408
3.1288
3.1364
3.1352
3.1228
3.1628
3.132
3.152
3.1256
3.148
3.1272
3.12
3.1532
3.1664
3.142
3.1588
3.154
3.126
3.1408
3.1412
3.13
3.1436
3.1728
3.1444
3.1368
3.1396
3.1272
3.1476
3.1312
3.162
3.1568
3.114
3.12
3.1632
3.1272
3.1728
3.1508
3.1496
3.108
3.1172
3.1376
3.1388
3.1656
3.1604
3.1268
3.1272
3.1536
3.1272
3.1356
3.1648
3.15
3.1588
3.14
3.138
3.172
3.1212
3.138
3.1328
3.1196
3.1596
3.1444
3.1564
3.1476
3.1408
3.128
3.1612
3.1364
3.156
3.158
3.1444
3.17
3.136
3.1508
3.134
3.1508
3.1412
3.1544
3.1428
3.1364
3.1352
3.1304
3.1468
3.1604
3.1572
3.1148
3.1628
3.1424
3.1384
3.1256
3.1432
3.1568
3.1428
3.1744
3.1572
3.118
3.1228
3.154
3.1464
3.1192
3.1428
3.156
3.1432
3.1256
3.1508
3.1356
3.1764
3.1368
3.154
3.1656
3.16
3.0996
3.13
3.1372
3.1568
3.1408
3.1468
3.1476
3.136
3.1356
3.1244
3.112
3.1708
3.1608
3.1416
3.132
3.1516
3.1432
3.1284
3.1684
3.1436
3.1576
3.1132
3.1384
3.1648
3.1628
3.1388
3.14
3.1364
3.114
3.1428
3.1252
3.1048
3.1352
3.1464
3.1264
3.1584
3.1616
3.1584
3.1216
3.1288
3.1576
3.1448
3.1356
3.142
3.126
3.1212
3.144
3.1732
3.1164
3.128
3.13
3.1544
3.152
3.136
3.162
3.14
3.1648
3.1596
3.1376
3.1768
3.1452
3.1432
3.1476
3.1196
3.1572
3.132
3.146
3.1772
3.1528
3.1444
3.1668
3.15
3.1424
3.126
3.1464
3.13
3.12
3.1344
3.1232
3.1388
3.1264
3.1652
3.1404
3.1292
3.16
3.1352
3.1264
3.126
3.1492
3.154
3.1124
3.1488
3.1836
3.1352
3.1348
3.1272
3.118
3.1592
3.1336
3.1396
3.1104
3.1296
3.172
3.1808
3.1288
3.1564
3.1672
3.1292
3.1452
3.1444
3.1364
3.166
3.1328
3.1368
3.1348
3.1232
3.1128
3.162
3.1528
3.1264
3.1476
3.1528
3.144
3.1124
3.128
3.1492
3.1524
3.1484
3.1116
3.1172
3.142
3.19
3.114
3.1592
3.1368
3.1376
3.1484
3.126
3.1408
3.1188
3.1364
3.1528
3.1112
3.1404
3.152
3.1524
3.1328
3.1184
3.1472
3.1528
3.1468
3.1208
3.13
3.1308
3.1524
3.1356
3.1544
3.132
3.1172
3.1632
3.1232
3.1592
3.1308
3.1456
3.1536
3.174
3.1624
3.17
3.1504
3.1568
3.1388
3.1528
3.128
3.1484
3.1224
3.1564
3.1448
3.0948
3.136
3.1356
3.154
3.1652
3.14
3.1512
3.1312
3.1648
3.1212
3.128
3.1108
3.1476
3.1448
3.156
3.1436
3.1404
3.1072
3.16
3.1648
3.1404
3.146
3.1488
3.146
3.1416
3.1448
3.1536
3.1408
3.1104
3.114
3.166
3.164
3.148
3.1504
3.15
3.144
3.128
3.1744
3.1332
3.1448
3.1628
3.1408
3.1556
3.1468
3.1508
3.14
3.1656
3.142
3.1256
3.1264
3.1448
3.1252
3.1396
3.1284
3.1368
3.1236
3.1256
3.1268
3.1272
3.1596
3.1464
3.1276
3.1216
3.1228
3.1256
3.1452
3.1604
3.1628
3.1436
3.152
3.1928
3.1316
3.1568
3.1528
3.1668
3.1396
3.1392
3.1364
3.1452
3.1432
3.1716
3.1208
3.1484
3.162
3.1364
3.0992
3.12
3.15
3.1608
3.1428
3.1388
3.1492
3.1308
3.1496
3.1356
3.1432
3.166
3.1128
3.1456
3.1552
3.1476
3.1388
3.122
3.1472
3.142
3.1312
3.146
3.1556
3.15
3.1476
3.1788
3.1436
3.1196
3.1196
3.1532
3.1348
3.1308
3.15
3.162
3.1108
3.132
3.1512
3.154
3.154
3.154
3.148
3.156
3.1684
3.144
3.1188
3.136
3.1476
3.1488
3.1344
3.1188
3.1344
3.14
3.1084
3.1156
3.1508
3.1476
3.122
3.1148
3.1464
3.1432
3.1356
3.1196
3.1344
3.148
3.1452
3.1396
3.1584
3.12
3.1452
3.1416
3.1216
3.1192
3.1488
3.1492
3.13
3.1404
3.1448
3.1264
3.1116
3.1408
3.1284
3.1232
3.158
3.1332
3.1312
3.1396
3.1268
3.1772
3.1704
3.162
3.1404
3.1448
3.1648
3.1576
3.1264
3.1396
3.13
3.1304
3.1304
3.1496
3.1624
3.1308
3.136
3.1348
3.1384
3.1472
3.1596
3.144
3.1548
3.1808
3.1512
3.1432
3.1576
3.1696
3.1584
3.144
3.1764
3.1568
3.114
3.1404
3.1232
3.1388
3.1184
3.1504
3.1496
3.1488
3.1592
3.1312
3.1312
3.1344
3.152
3.1284
3.1376
3.1356
3.1512
3.1632
3.12
3.1364
3.14
3.158
3.1336
3.172
3.1548
3.1264
3.12
3.1332
3.1372
3.126
3.1508
3.156
3.146
3.1676
3.1412
3.1364
3.1588
3.12
3.1548
3.1512
3.1508
3.1568
3.1352
3.1388
3.1304
3.1424
3.1408
3.116
3.1516
3.1548
3.144
3.146
3.1116
3.1196
3.1208
3.1384
3.1428
3.1412
3.1728
3.1616
3.1356
3.1512
3.1484
3.1552
3.1436
3.1408
3.1616
3.126
3.144
3.1404
3.1336
3.1616
3.1336
3.1512
3.136
3.1164
3.1392
3.1204
3.1484
3.1244
3.132
3.1192
3.152
3.1648
3.1308
3.1496
3.1856
3.1328
3.1568
3.1372
3.114
3.146
3.1376
3.1656
3.1448
3.1384
3.1392
3.1436
3.1128
3.1156
3.1384
3.1292
3.1572
3.1384
3.1484
3.1524
3.1572
3.1116
3.148
3.1288
3.1416
3.1408
3.1072
3.1332
3.1188
3.1348
3.1496
3.162
3.1428
3.1392
3.134
3.1296
3.1656
3.1648
3.126
3.1452
3.1484
3.1528
3.1188
3.1896
3.1704
3.1548
3.1628
3.1072
3.156
3.1416
3.1364
3.1324
3.1664
3.1216
3.1432
3.164
3.1308
3.1696
3.1348
3.1572
3.1488
3.1404
3.1396
3.128
3.0936
3.14
3.164
3.1416
3.1292
3.146
3.1572
3.1132
3.1356
3.1744
3.1392
3.1212
3.1508
3.1556
3.1304
3.1424
3.1212
3.1316
3.1296
3.1412
3.1388
3.128
3.1348
3.1616
3.1508
3.1472
3.1596
3.1312
3.1652
3.1352
3.1472
3.1396
3.1668
3.142
3.1444
3.1424
3.1236
3.1548
3.162
3.134
3.1188
3.17
3.1372
3.1476
3.1404
3.1372
3.128
3.14
3.1536
3.1524
3.1608
3.1244
3.1452
3.132
3.1588
3.1392
3.1748
3.1432
3.1484
3.1368
3.1216
3.1684
3.1368
3.1644
3.1596
3.1476
3.146
3.1328
3.0964
3.1352
3.1592
3.1228
3.164
3.1196
3.1312
3.1604
3.1476
3.15
3.1144
3.1412
3.1864
3.1184
3.124
3.1764
3.1484
3.1536
3.144
3.1424
3.138
3.118
3.1308
3.1308
3.1292
3.1584
3.1456
3.1428
3.1424
3.098
3.1544
3.1576
3.1676
3.1456
3.1316
3.1444
3.1384
3.1272
3.1328
3.1184
3.1544
3.1496
3.1412
3.1264
3.174
3.1332
3.1352
3.1396
3.1488
3.1484
3.1796
3.1316
3.158
3.1484
3.1252
3.1424
3.1376
3.144
3.158
3.14
3.1548
3.1516
3.1092
3.1548
3.1392
3.1568
3.1596
3.144
3.1
3.1408
3.1604
3.1452
3.1364
3.138
3.1504
3.1576
3.1148
3.11
3.1496
3.1096
3.1452
3.11
3.1572
3.1704
3.158
3.1632
3.1368
3.122
3.15
3.1368
3.1432
3.128
3.1328
3.1452
3.1384
3.1276
3.1704
3.1448
3.1464
3.1396
3.1608
3.1644
3.1652
3.1264
3.1176
3.1324
3.1244
3.1244
3.1508
3.14
3.122
3.1356
3.1588
3.1456
3.1404
3.13
3.1376
3.1724
3.1836
3.1552
3.1352
3.1168
3.1396
3.1424
3.1484
3.1356
3.1576
3.158
3.1552
3.1368
3.1228
3.1348
3.1312
3.1556
3.1456
3.1168
3.1444
3.1176
3.1272
3.1588
3.1192
3.1384
3.1528
3.1276
3.144
3.1476
3.1536
3.1412
3.1512
3.132
3.1332
3.138
3.1484
3.1408
3.1188
3.132
3.1264
3.1752
3.1368
3.1452
3.1356
3.1236
3.1424
3.1384
3.1224
3.1372
3.1536
3.1576
3.1236
3.156
3.1292
3.14
3.1456
3.1712
3.1324
3.1308
3.1144
3.142
3.1104
3.1328
3.142
3.1388
3.1408
3.1156
3.114
3.184
3.1496
3.1356
3.158
3.1292
3.134
3.1604
3.1516
3.138
3.1448
3.1336
3.1172
3.132
3.1524
3.1192
3.1608
3.1636
3.1356
3.1228
3.1324
3.1652
3.1724
3.1472
3.1472
3.1252
3.1284
3.1624
3.1356
3.1492
3.1468
3.1564
3.1728
3.1164
3.1308
3.186
3.148
3.1644
3.1388
3.134
3.138
3.1608
3.1052
3.1376
3.1732
3.1148
3.158
3.124
3.1576
3.1132
3.1424
3.1384
3.1444
3.1372
3.156
3.1396
3.1576
3.1212
3.1412
3.1196
3.1688
3.1332
3.138
3.1708
3.1456
3.18
3.1436
3.166
3.1688
3.1224
3.1368
3.1252
3.1648
3.1256
3.1348
3.1192
3.1048
3.1456
3.1552
3.1132
3.156
3.1292
3.1216
3.1604
3.1568
3.1512
3.1284
3.1504
3.142
3.1444
3.1656
3.1492
3.1628
3.1548
3.116
3.148
3.1152
3.124
3.146
3.158
3.1468
3.1572
3.1724
3.1556
3.158
3.1404
3.1532
3.1556
3.1204
3.148
3.168
3.1584
3.122
3.16
3.1216
3.1508
3.1452
3.1424
3.1388
3.152
3.1008
3.142
3.1508
3.124
3.1296
3.1088
3.1416
3.1164
3.1588
3.1584
3.1376
3.1324
3.1616
3.1344
3.148
3.1404
3.1464
3.148
3.148
3.15
3.1432
3.1516
3.116
3.14
3.1968
3.12
3.142
3.156
3.12
3.1348
3.1364
3.1092
3.1236
3.1492
3.1628
3.1356
3.1548
3.1456
3.1316
3.1376
3.1648
3.1488
3.1412
3.16
3.148
3.1324
3.1268
3.1696
3.142
3.148
3.1416
3.1364
3.1632
3.144
3.1264
3.1616
3.1676
3.1512
3.1284
3.1612
3.1272
3.1464
3.1756
3.1508
3.1792
3.1396
3.1092
3.148
3.1376
3.1388
3.1328
3.1432
3.1236
3.1284
3.1456
3.1216
3.1164
3.1612
3.1568
3.1552
3.1284
3.1268
3.1576
3.1056
3.1364
3.1428
3.1596
3.1324
3.132
3.1508
3.1312
3.158
3.1856
3.152
3.1468
3.1372
3.142
3.1248
3.11
3.178
3.1364
3.1312
3.1312
3.1524
3.1304
3.1144
3.1492
3.152
3.1528
3.1176
3.144
3.136
3.136
3.134
3.1596
3.172
3.1344
3.1456
3.1488
3.1396
3.1284
3.1636
3.1696
3.1656
3.1184
3.158
3.1336
3.1428
3.1372
3.1304
3.162
3.15
3.13
3.1196
3.1584
3.1512
3.18
3.1376
3.134
3.1328
3.1452
3.1744
3.1476
3.13
3.1276
3.1176
3.132
3.1372
3.1652
3.1368
3.1584
3.1408
3.1408
3.128
3.1432
3.1264
3.122
3.148
3.1464
3.11
3.1208
3.1428
3.1512
3.1284
3.1488
3.1152
3.1476
3.1412
3.1448
3.1312
3.1348
3.1372
3.1392
3.1264
3.1456
3.1632
3.1556
3.1424
3.14
3.1312
3.1388
3.1324
3.1556
3.1672
3.1384
3.16
3.1452
3.13
3.1472
3.148
3.15
3.1424
3.1444
3.114
3.1456
3.1456
3.1548
3.1484
3.1508
3.1496
3.1404
3.118
3.1636
3.1596
3.172
3.152
3.1532
3.148
3.132
3.1608
3.1468
3.1284
3.132
3.1364
3.1408
3.1652
3.1452
3.1556
3.1416
3.1036
3.1572
3.1072
3.126
3.1348
3.1496
3.1456
3.168
3.1324
3.1324
3.1088
3.1436
3.1496
3.1452
3.1292
3.12
3.1304
3.1376
3.1212
3.1512
3.1636
3.1212
3.1572
3.1528
3.134
3.1612
3.118
3.1336
3.1396
3.1584
3.1184
3.1208
3.1092
3.1372
3.1428
3.1388
3.1196
3.144
3.1376
3.1264
3.1628
3.1496
3.1412
3.16
3.1384
3.1208
3.1228
3.1384
3.1368
3.126
3.178
3.1608
3.1184
3.144
3.1092
3.1176
3.1348
3.1404
3.1616
3.1252
3.118
3.1108
3.1104
3.1372
3.1288
3.1568
3.1304
3.1568
3.1048
3.116
3.148
3.1612
3.1764
3.1468
3.1524
3.1432
3.1292
3.1388
3.1376
3.162
3.1268
3.1296
3.1564
3.1352
3.13
3.158
3.1528
3.168
3.1368
3.1196
3.1592
3.1432
3.1284
3.132
3.1156
3.1388
3.1424
3.1464
3.1624
3.1324
3.1584
3.1512
3.1268
3.1652
3.122
3.132
3.1244
3.136
3.154
3.138
3.1368
3.1088
3.1736
3.1564
3.1336
3.1556
3.1412
3.148
3.1324
3.1376
3.142
3.13
3.144
3.1588
3.1392
3.1224
3.1288
3.1524
3.1284
3.1432
3.1224
3.1588
3.1372
3.13
3.1592
3.1396
3.1192
3.1656
3.1536
3.1304
3.1224
3.1296
3.1548
3.138
3.16
3.1576
3.11
3.1436
3.1748
3.1508
3.1452
3.1268
3.1312
3.1604
3.1632
3.124
3.1392
3.1612
3.1236
3.1388
3.1756
3.158
3.1432
3.1564
3.0864
3.138
3.154
3.1168
3.1308
3.1396
3.1384
3.1568
3.168
3.1356
3.168
3.136
3.154
3.1552
3.134
3.1244
3.1308
3.1516
3.1548
3.1328
3.1376
3.1396
3.1376
3.1028
3.1456
3.14
3.1404
3.108
3.1204
3.1356
3.114
3.154
3.1584
3.1392
3.1328
3.1084
3.1436
3.1436
3.1332
3.126
3.1436
3.1452
3.1172
3.126
3.1544
3.146
3.1176
3.13
3.1248
3.1332
3.1572
3.1616
3.1684
3.1508
3.1144
3.1516
3.1492
3.1196
3.1256
3.1472
3.1692
3.1216
3.1284
3.1564
3.1284
3.164
3.176
3.1432
3.1536
3.1696
3.1488
3.1456
3.1468
3.1316
3.1608
3.1364
3.1344
3.146
3.0992
3.14
3.1596
3.14
3.142
3.1556
3.1376
3.156
3.1248
3.1376
3.1396
3.13
3.1556
3.1708
3.1216
3.144
3.1344
3.138
3.1408
3.1344
3.1284
3.1068
3.1436
3.134
3.128
3.1392
3.1444
3.1404
3.1408
3.1484
3.1288
3.1552
3.154
3.1336
3.1472
3.1304
3.1484
3.1292
3.1488
3.1644
3.122
3.1372
3.1268
3.1316
3.1344
3.1524
3.1072
3.1416
3.1728
3.1152
3.1464
3.1532
3.14
3.154
3.1696
3.134
3.1296
3.144
3.1296
3.1448
3.15
3.142
3.1352
3.1144
3.162
3.1324
3.1352
3.1236
3.1524
3.1472
3.1716
3.128
3.1312
3.1144
3.1428
3.1576
3.1352
3.14
3.1328
3.168
3.1428
3.1332
3.1644
3.1288
3.1548
3.1404
3.1312
3.1296
3.1272
3.1588
3.1192
3.1456
3.1536
3.1532
3.1428
3.138
3.152
3.1512
3.1392
3.1252
3.1176
3.1292
3.138
3.1344
3.144
3.1564
3.1156
3.1352
3.1312
3.1372
3.1572
3.15
3.1308
3.1344
3.1356
3.1564
3.1256
3.1236
3.1444
3.1044
3.1168
3.1444
3.12
3.1208
3.142
3.1444
3.1092
3.1428
3.146
3.1316
3.1412
3.122
3.1364
3.1452
3.1356
3.1496
3.116
3.1668
3.1324
3.15
3.1628
3.15
3.1468
3.1492
3.13
3.1356
3.1236
3.1352
3.1304
3.164
3.1468
3.13
3.1696
3.146
3.1384
3.1324
3.132
3.1816
3.1252
3.1768
3.132
3.1316
3.1404
3.1496
3.1396
3.1336
3.1468
3.1636
3.122
3.124
3.148
3.154
3.1556
3.1364
3.1244
3.1388
3.114
3.1248
3.1444
3.1452
3.118
3.1304
3.126
3.112
3.124
3.1632
3.168
3.1276
3.1184
3.176
3.1272
3.1096
3.136
3.16
3.1336
3.1576
3.1516
3.1028
3.156
3.1496
3.1396
3.1504
3.1324
3.1456
3.1188
3.1648
3.142
3.136
3.126
3.1836
3.1568
3.1344
3.1504
3.1304
3.1772
3.15
3.1348
3.1356
3.1584
3.148
3.1524
3.1288
3.1388
3.122
3.1376
3.1676
3.126
3.1716
3.1624
3.1324
3.178
3.1208
3.124
3.138
3.1456
3.1008
3.1364
3.1356
3.1404
3.1412
3.1404
3.1408
3.1252
3.1104
3.1168
3.1428
3.1376
3.1444
3.1468
3.142
3.1424
3.1376
3.138
3.1768
3.1284
3.1408
3.154
3.1496
3.1456
3.1304
3.1496
3.1384
3.1668
3.1756
3.132
3.1156
3.1436
3.1428
3.1408
3.1496
3.1404
3.1472
3.108
3.1316
3.1784
3.13
3.1676
3.156
3.1348
3.1464
3.1288
3.1308
3.17
3.154
3.1712
3.1216
3.1008
3.1332
3.1304
3.1484
3.1432
3.1288
3.1512
3.1408
3.138
3.1432
3.1128
3.1608
3.1388
3.1556
3.1408
3.1176
3.1488
3.1268
3.1212
3.1452
3.1372
3.1252
3.14
3.1628
3.1304
3.1788
3.1432
3.108
3.1188
3.1692
3.16
3.134
3.1536
3.1536
3.1428
3.1064
3.1344
3.1452
3.158
3.1436
3.1016
3.1284
3.124
3.1296
3.1352
3.1352
3.1512
3.1428
3.1612
3.1336
3.1708
3.1388
3.1704
3.12
3.1152
3.162
3.162
3.1212
3.1336
3.1388
3.1636
3.108
3.1416
3.1368
3.1088
3.134
3.1364
3.156
3.1212
3.1336
3.1184
3.1476
3.1308
3.1312
3.1328
3.1452
3.1224
3.1204
3.146
3.1444
3.1504
3.1392
3.1588
3.1344
3.1428
3.1256
3.1488
3.1484
3.124
3.1524
3.172
3.1744
3.1936
3.1852
3.134
3.1248
3.1476
3.156
3.1408
3.1528
3.1352
3.132
3.1308
3.124
3.1444
3.1748
3.1404
3.1404
3.1248
3.144
3.1432
3.1536
3.148
3.1524
3.1588
3.1668
3.1368
3.1348
3.1404
3.1552
3.1608
3.1688
3.1652
3.15
3.1028
3.1164
3.1324
3.1556
3.1504
3.1364
3.1348
3.1504
3.13
3.1264
3.1536
3.1644
3.1216
3.128
3.1588
3.1576
3.15
3.15
3.15
3.144
3.1444
3.1576
3.1484
3.1636
3.126
3.0868
3.1456
3.1432
3.1428
3.128
3.1332
3.1264
3.1396
3.1368
3.176
3.1052
3.1152
3.1232
3.1528
3.1216
3.1204
3.1788
3.1148
3.1372
3.1592
3.1424
3.1392
3.1148
3.1572
3.1148
3.1584
3.134
3.1192
3.1672
3.1416
3.1496
3.1644
3.14
3.1568
3.1508
3.1528
3.142
3.1352
3.1456
3.1216
3.1484
3.164
3.1308
3.1212
3.1096
3.1624
3.1348
3.156
3.1464
3.148
3.1448
3.1656
3.1108
3.1348
3.1376
3.1252
3.152
3.1228
3.1464
3.1508
3.1344
3.1248
3.12
3.1416
3.1452
3.1416
3.1432
3.16
3.1324
3.14
3.1316
3.1524
3.1592
3.1608
3.15
3.132
3.1644
3.108
3.1316
3.114
3.1148
3.1308
3.126
3.1304
3.1716
3.104
3.1444
3.134
3.1384
3.1432
3.1428
3.1488
3.1588
3.1292
3.1432
3.1704
3.1436
3.1688
3.1352
3.1408
3.134
3.1672
3.1228
3.1572
3.1428
3.1216
3.1576
3.1292
3.1468
3.15
3.1536
3.1784
3.1512
3.134
3.1288
3.146
3.1368
3.126
3.1128
3.1272
3.162
3.1652
3.1556
3.1288
3.1196
3.1296
3.1344
3.1188
3.1368
3.1332
3.1336
3.162
3.1176
3.1592
3.1588
3.1416
3.1596
3.1356
3.142
3.1476
3.1232
3.1452
3.1528
3.1532
3.1432
3.1416
3.158
3.1588
3.1372
3.1336
3.1204
3.1792
3.1156
3.1364
3.1188
3.1588
3.128
3.1228
3.136
3.1412
3.1304
3.1464
3.144
3.122
3.1108
3.1448
3.146
3.1352
3.1304
3.1412
3.1556
3.1344
3.1616
3.1728
3.1504
3.1556
3.1568
3.1492
3.1332
3.1672
3.1416
3.1488
3.1352
3.132
3.144
3.14
3.126
3.1104
3.164
3.1292
3.1236
3.1268
3.1348
3.1664
3.14
3.1304
3.142
3.1404
3.1452
3.1456
3.1548
3.1504
3.1236
3.1272
3.1392
3.1444
3.1476
3.15
3.138
3.1568
3.134
3.1368
3.1436
3.1668
3.1468
3.1428
3.1496
3.1676
3.1408
3.152
3.178
3.1488
3.1572
3.1516
3.1668
3.1456
3.1508
3.1404
3.1208
3.1452
3.1172
3.1412
3.1592
3.1488
3.1236
3.14
3.1436
3.146
3.1408
3.1568
3.0924
3.1524
3.1324
3.1544
3.0988
3.1176
3.1328
3.1316
3.1284
3.1252
3.1352
3.16
3.1412
3.1576
3.1604
3.1408
3.1412
3.1392
3.1256
3.128
3.1432
3.1544
3.1308
3.1396
3.136
3.1296
3.13
3.114
3.1548
3.1516
3.1496
3.1256
3.1396
3.1604
3.1412
3.1244
3.1348
3.1476
3.1612
3.1512
3.1712
3.1572
3.136
3.1364
3.1412
3.1644
3.1548
3.1632
3.1636
3.1584
3.1268
3.1536
3.1428
3.1444
3.1276
3.1292
3.156
3.1436
3.1336
3.1352
3.1372
3.1176
3.1352
3.1436
3.132
3.1592
3.1336
3.1316
3.1632
3.1532
3.138
3.146
3.1632
3.162
3.1532
3.1532
3.1444
3.1444
3.1264
3.1564
3.1376
3.1228
3.1304
3.1392
3.1368
3.1228
3.1588
3.154
3.132
3.1468
3.1152
3.1596
3.1488
3.1288
3.1532
3.1452
3.1552
3.1768
3.1404
3.1276
3.1208
3.1304
3.1432
3.1924
3.1276
3.1496
3.1328
3.1708
3.14
3.1556
3.1448
3.1252
3.1644
3.1272
3.1496
3.1392
3.1628
3.15
3.1596
3.1688
3.1256
3.1332
3.1544
3.1744
3.1452
3.1564
3.1528
3.1596
3.1488
3.1456
3.146
3.14
3.1416
3.1552
3.1828
3.1172
3.1568
3.1492
3.1312
3.1572
3.1472
3.1672
3.1152
3.1764
3.1104
3.1324
3.15
3.1416
3.15
3.1356
3.1444
3.1148
3.1572
3.1316
3.1268
3.1592
3.1624
3.1468
3.1428
3.12
3.1604
3.1568
3.1072
3.1288
3.136
3.1352
3.1468
3.152
3.1188
3.1192
3.1664
3.144
3.1348
3.1292
3.148
3.1384
3.124
3.1404
3.13
3.1388
3.12
3.1312
3.1524
3.1316
3.1432
3.144
3.134
3.1348
3.1528
3.1356
3.1576
3.1536
3.1336
3.1496
3.172
3.1468
3.1328
3.1264
3.1664
3.1512
3.134
3.128
3.1516
3.1356
3.15
3.1312
3.1732
3.132
3.1256
3.1372
3.1404
3.1092
3.1664
3.1512
3.158
3.1432
3.1368
3.1284
3.1404
3.1372
3.1112
3.1344
3.142
3.1472
3.1312
3.1392
3.1548
3.1636
3.136
3.1496
3.1296
3.1512
3.1052
3.1704
3.136
3.154
3.1572
3.158
3.136
3.1416
3.1248
3.1276
3.1264
3.1392
3.1292
3.1284
3.1512
3.1852
3.1636
3.1332
3.1596
3.122
3.1232
3.1488
3.1548
3.1356
3.1584
3.1552
3.1344
3.15
3.1488
3.1284
3.1528
3.1228
3.1376
3.1376
3.1564
3.1596
3.1396
3.142
3.1588
3.1696
3.1424
3.1444
3.1572
3.1436
3.1312
3.1448
3.1508
3.1516
3.1108
3.1608
3.1676
3.114
3.1508
3.1572
3.1368
3.136
3.1332
3.1536
3.1356
3.1284
3.1164
3.1372
3.1088
3.128
3.1424
3.1696
3.1528
3.1316
3.134
3.1272
3.1368
3.1436
3.1464
3.164
3.1588
3.1368
3.154
3.1288
3.144
3.1164
3.1152
3.136
3.1596
3.1244
3.1108
3.128
3.15
3.11
3.1392
3.1524
3.1208
3.1824
3.1096
3.1096
3.1508
3.1548
3.1432
3.1308
3.1476
3.1324
3.1476
3.1528
3.1612
3.1564
3.16
3.1468
3.15
3.1596
3.13
3.1588
3.1432
3.1604
3.1412
3.1504
3.1244
3.1236
3.1252
3.092
3.1492
3.1284
3.1252
3.1372
3.1296
3.1172
3.1396
3.1696
3.124
3.0984
3.1676
3.1592
3.1436
3.1548
3.1432
3.1464
3.1892
3.1392
3.154
3.1476
3.1436
3.1452
3.1324
3.146
3.1484
3.1496
3.1476
3.1484
3.1776
3.1544
3.164
3.124
3.154
3.1204
3.1228
3.158
3.1584
3.1192
3.14
3.1628
3.1552
3.1604
3.0984
3.16
3.1148
3.1392
3.1272
3.152
3.132
3.1144
3.1264
3.1508
3.136
3.1308
3.13
3.126
3.1692
3.1532
3.1324
3.1508
3.124
3.1696
3.148
3.108
3.13
3.1316
3.1604
3.1456
3.1496
3.1316
3.1852
3.1272
3.1328
3.1596
3.1568
3.144
3.1372
3.1208
3.1652
3.1572
3.1504
3.1528
3.1536
3.1388
3.1424
3.1452
3.132
3.1292
3.1348
3.1436
3.1412
3.158
3.1288
3.1212
3.1676
3.1396
3.1252
3.1544
3.1384
3.1504
3.1664
3.1252
3.1392
3.124
3.1204
3.1332
3.1304
3.1228
3.154
3.1424
3.1572
3.1452
3.1656
3.1392
3.166
3.122
3.1652
3.144
3.1304
3.0972
3.1468
3.1324
3.1752
3.1412
3.1148
3.1624
3.156
3.14
3.1308
3.1484
3.1012
3.1332
3.1188
3.1324
3.1344
3.1352
3.1424
3.1748
3.1836
3.1328
3.1452
3.1644
3.1776
3.114
3.1392
3.1468
3.1724
3.1396
3.1476
3.1576
3.0856
3.14
3.1388
3.1376
3.1352
3.1104
3.142
3.154
3.1388
3.1508
3.1584
3.1368
3.1652
3.1252
3.1496
3.122
3.1512
3.1056
3.1444
3.1428
3.1316
3.1284
3.1368
3.164
3.146
3.1368
3.1408
3.1596
3.15
3.1688
3.1592
3.1488
3.1568
3.1204
3.1188
3.1264
3.13
3.1396
3.1256
3.1252
3.1388
3.1384
3.1812
3.1268
3.168
3.1708
3.1424
3.1552
3.1368
3.1456
3.1276
3.1396
3.1592
3.1284
3.1264
3.1428
3.1472
3.158
3.1548
3.1184
3.1488
3.1596
3.1252
3.138
3.1252
3.1228
3.0968
3.1412
3.1204
3.1
3.1296
3.1484
3.1328
3.144
3.152
3.154
3.1216
3.1144
3.1436
3.116
3.1756
3.1144
3.1528
3.1512
3.1212
3.154
3.1324
3.1544
3.1648
3.1232
3.1504
3.1712
3.1328
3.1556
3.1444
3.1196
3.148
3.1484
3.1404
3.1808
3.1612
3.1324
3.118
3.1536
3.1336
3.1408
3.1456
3.1252
3.1648
3.1312
3.164
3.1764
3.1124
3.1408
3.1456
3.1068
3.176
3.106
3.1392
3.1164
3.1388
3.1608
3.1552
3.102
3.1436
3.1468
3.1456
3.1708
3.1384
3.1408
3.124
3.1644
3.1524
3.1504
3.1452
3.1468
3.1372
3.1368
3.1568
3.1404
3.1204
3.1436
3.1312
3.1396
3.126
3.1244
3.1256
3.1376
3.106
3.1612
3.148
3.1568
3.12
3.1508
3.1436
3.1564
3.1644
3.1376
3.1232
3.1472
3.1472
3.132
3.13
3.1344
3.1412
3.1368
3.1028
3.148
3.1552
3.1676
3.1888
3.1408
3.1384
3.154
3.144
3.1684
3.1396
3.138
3.1356
3.1288
3.148
3.1308
3.128
3.1504
3.164
3.122
3.1424
3.1404
3.1508
3.166
3.1416
3.1488
3.1496
3.1608
3.1448
3.1636
3.1588
3.1616
3.1156
3.1116
3.1656
3.1772
3.1612
3.1524
3.1504
3.102
3.1152
3.0804
3.1604
3.164
3.1352
3.1228
3.15
3.1876
3.1672
3.1396
3.1144
3.1136
3.1332
3.1532
3.1284
3.1404
3.1376
3.1676
3.1436
3.13
3.16
3.1364
3.1516
3.1468
3.132
3.1432
3.1456
3.13
3.1404
3.1552
3.1384
3.116
3.148
3.1404
3.1728
3.1532
3.1428
3.1432
3.1552
3.1608
3.1364
3.1508
3.1292
3.1472
3.1336
3.134
3.1512
3.1392
3.144
3.1324
3.1324
3.134
3.1464
3.176
3.1436
3.1324
3.1796
3.1372
3.13
3.116
3.1196
3.1388
3.1292
3.142
3.1216
3.1488
3.1128
3.1376
3.128
3.166
3.1592
3.1368
3.1548
3.1472
3.168
3.1352
3.17
3.1208
3.1608
3.148
3.126
3.126
3.1616
3.1612
3.1552
3.1504
3.1324
3.1468
3.1476
3.138
3.1524
3.1356
3.1432
3.1488
3.1504
3.138
3.1568
3.1248
3.154
3.1396
3.1788
3.1252
3.13
3.1532
3.1732
3.1536
3.1092
3.1396
3.1368
3.1476
3.1592
3.1536
3.1016
3.1412
3.1188
3.1348
3.1452
3.1524
3.1672
3.1424
3.1172
3.1352
3.1384
3.1452
3.1612
3.1704
3.1116
3.1604
3.1224
3.1232
3.1068
3.1108
3.16
3.152
3.1744
3.1568
3.1744
3.1404
3.128
3.1404
3.1612
3.1692
3.1364
3.1324
3.1136
3.1632
3.1364
3.1308
3.1312
3.1636
3.152
3.1688
3.1232
3.1596
3.144
3.1532
3.1344
3.1752
3.1216
3.134
3.1476
3.1512
3.1036
3.1364
3.1456
3.1392
3.1336
3.1348
3.1688
3.1536
3.1396
3.1276
3.162
3.128
3.1404
3.1204
3.122
3.1744
3.1524
3.1272
3.1432
3.1468
3.1704
3.1592
3.1184
3.1268
3.1444
3.1116
3.1488
3.1332
3.1488
3.1476
3.168
3.1372
3.15
3.1288
3.1376
3.1492
3.1524
3.1364
3.1508
3.1244
3.1284
3.1368
3.1652
3.1388
3.132
3.1516
3.1204
3.1632
3.1408
3.1296
3.1492
3.136
3.104
3.1596
3.1184
3.14
3.1288
3.144
3.1424
3.1372
3.144
3.1476
3.1456
3.1496
3.1568
3.15
3.1456
3.1512
3.1668
3.1372
3.1424
3.1448
3.1504
3.156
3.1532
3.1352
3.1448
3.1892
3.1368
3.1496
3.1504
3.1496
3.1388
3.1476
3.1284
3.1712
3.162
3.158
3.1264
3.164
3.1508
3.138
3.1496
3.124
3.1368
3.1488
3.1392
3.1384
3.1392
3.1372
3.1528
3.1432
3.1272
3.1332
3.1272
3.1524
3.1312
3.1556
3.1408
3.1516
3.1468
3.146
3.1344
3.14
3.1364
3.1364
3.1312
3.1324
3.1372
3.134
3.1352
3.126
3.1548
3.1256
3.1516
3.1528
3.1412
3.144
3.1184
3.1332
3.146
3.1492
3.1196
3.1412
3.148
3.134
3.1312
3.144
3.1396
3.1456
3.1312
3.1356
3.1492
3.1404
3.126
3.1416
3.1632
3.1592
3.1588
3.176
3.1476
3.1416
3.168
3.1428
3.1044
3.1496
3.128
3.1556
3.1444
3.1672
3.1152
3.1456
3.1384
3.142
3.1704
3.1324
3.15
3.1328
3.1536
3.132
3.1476
3.1392
3.1056
3.1416
3.134
3.1612
3.1456
3.1504
3.1412
3.1408
3.1152
3.1836
3.1432
3.1492
3.1268
3.1444
3.1748
3.1412
3.1456
3.1268
3.1376
3.1348
3.1284
3.1192
3.1272
3.148
3.154
3.1364
3.1808
3.146
3.1584
3.132
3.1452
3.164
3.1284
3.1656
3.1288
3.1292
3.1244
3.15
3.1248
3.1312
3.1452
3.1424
3.144
3.1272
3.1332
3.1296
3.1428
3.1524
3.1532
3.1584
3.154
3.1312
3.1376
3.124
3.1176
3.1332
3.1092
3.1556
3.1256
3.17
3.172
3.182
3.1088
3.1476
3.1192
3.1372
3.1428
3.134
3.1484
3.1244
3.1584
3.1548
3.1532
3.148
3.1496
3.144
3.152
3.1432
3.1264
3.1456
3.166
3.1492
3.1376
3.15
3.1432
3.1372
3.1424
3.1596
3.186
3.162
3.126
3.1084
3.1388
3.1056
3.1376
3.126
3.1344
3.1336
3.1536
3.1292
3.1256
3.138
3.1296
3.1272
3.1212
3.1664
3.154
3.1508
3.1364
3.1496
3.15
3.1484
3.1436
3.1692
3.1512
3.15
3.1364
3.1284
3.1148
3.1308
3.1328
3.1344
3.1288
3.1236
3.138
3.1436
3.132
3.1592
3.1464
3.1284
3.1496
3.116
3.142
3.142
3.1368
3.138
3.1512
3.1336
3.1608
3.1256
3.1484
3.148
3.1616
3.1456
3.1608
3.1432
3.1236
3.1364
3.1284
3.1508
3.1532
3.156
3.168
3.148
3.1268
3.1508
3.1036
3.1576
3.1364
3.1348
3.1336
3.132
3.168
3.144
3.1404
3.1368
3.154
3.126
3.1796
3.1452
3.1796
3.1452
3.1524
3.1596
3.11
3.1316
3.1408
3.1268
3.1596
3.146
3.1556
3.1684
3.1416
3.1492
3.1612
3.1596
3.1632
3.1412
3.1368
3.1516
3.1108
3.156
3.142
3.1208
3.1628
3.1436
3.1184
3.1724
3.152
3.1252
3.1112
3.122
3.1324
3.1524
3.1544
3.1488
3.1192
3.1572
3.1336
3.1472
3.1464
3.1132
3.132
3.1584
3.1508
3.1676
3.1632
3.1588
3.132
3.1272
3.17
3.1516
3.164
3.1204
3.1668
3.1264
3.1456
3.1208
3.1624
3.168
3.13
3.1228
3.1336
3.1232
3.1216
3.1632
3.1468
3.1304
3.1376
3.1352
3.12
3.1448
3.1448
3.13
3.1488
3.1468
3.1424
3.1196
3.1572
3.1548
3.1508
3.1424
3.1408
3.156
3.1228
3.1548
3.1304
3.1228
3.1356
3.1644
3.1304
3.15
3.1316
3.1328
3.1172
3.1072
3.1436
3.1632
3.1352
3.1596
3.158
3.1472
3.1396
3.1288
3.1424
3.1404
3.1296
3.1504
3.1456
3.1232
3.15
3.1392
3.1388
3.168
3.114
3.1436
3.1528
3.1704
3.1308
3.1384
3.1696
3.148
3.1428
3.1648
3.1472
3.1396
3.1556
3.14
3.156
3.1332
3.152
3.1304
3.1508
3.1472
3.126
3.1088
3.1364
3.134
3.1488
3.1436
3.1592
3.1668
3.1288
3.148
3.1352
3.1756
3.1236
3.1424
3.1332
3.154
3.148
3.1492
3.1692
3.1672
3.1352
3.1636
3.1256
3.1388
3.1408
3.1484
3.1616
3.16
3.118
3.134
3.1128
3.1536
3.126
3.1364
3.13
3.1552
3.1164
3.1672
3.1388
3.1496
3.1428
3.1428
3.134
3.1224
3.148
3.1568
3.1292
3.13
3.1452
3.1296
3.166
3.154
3.1256
3.1604
3.1484
3.1476
3.1452
3.1492
3.1668
3.1396
3.1272
3.1224
3.1712
3.1352
3.1352
3.128
3.1524
3.1532
3.1168
3.1648
3.152
3.146
3.1592
3.1416
3.1436
3.1536
3.156
3.1348
3.1124
3.152
3.1452
3.12
3.14
3.1644
3.132
3.1412
3.1216
3.164
3.1372
3.1348
3.1592
3.1604
3.184
3.1348
3.1148
3.1452
3.076
3.1332
3.1772
3.132
3.118
3.1516
3.1616
3.1852
3.1364
3.1464
3.1712
3.1508
3.1188
3.1212
3.13
3.1564
3.098
3.1272
3.1144
3.1592
3.1408
3.138
3.1376
3.1356
3.122
3.1304
3.1332
3.1368
3.1352
3.16
3.1256
3.1096
3.1672
3.1288
3.126
3.1384
3.1268
3.1448
3.1392
3.1484
3.1508
3.1372
3.1512
3.152
3.1572
3.1492
3.1588
3.1576
3.166
3.1268
3.1464
3.1444
3.1164
3.1476
3.1536
3.1288
3.1304
3.1392
3.1288
3.1364
3.1144
3.1436
3.1352
3.1488
3.1732
3.1404
3.1256
3.1512
3.1416
3.1548
3.1476
3.0972
3.1512
3.1656
3.13
3.1516
3.126
3.1572
3.1232
3.1704
3.1784
3.14
3.1196
3.1684
3.1428
3.1372
3.1516
3.138
3.146
3.158
3.1336
3.1496
3.136
3.1204
3.138
3.1384
3.1628
3.1624
3.1588
3.1556
3.122
3.1512
3.1368
3.1324
3.1636
3.1316
3.1556
3.1272
3.1576
3.1264
3.1508
3.1412
3.1396
3.1528
3.1424
3.1396
3.1548
3.122
3.1244
3.1316
3.1768
3.1696
3.1708
3.1496
3.166
3.1508
3.1392
3.1372
3.164
3.1696
3.146
3.1412
3.1156
3.1152
3.1336
3.1332
3.1552
3.1352
3.1224
3.1292
3.1232
3.156
3.1552
3.122
3.15
3.1336
3.1452
3.1632
3.1484
3.14
3.1292
3.1568
3.1592
3.1404
3.1508
3.1232
3.1284
3.1276
3.1532
3.1548
3.1416
3.14
3.1236
3.1408
3.1124
3.1472
3.1468
3.1544
3.1472
3.1428
3.1276
3.1444
3.136
3.1312
3.112
3.1204
3.1572
3.1464
3.1588
3.1488
3.1416
3.1336
3.1352
3.13
3.1376
3.1268
3.134
3.1436
3.1328
3.1408
3.1252
3.1476
3.128
3.13
3.1356
3.1604
3.1588
3.1704
3.1332
3.1484
3.1472
3.1504
3.1576
3.1324
3.1588
3.164
3.1608
3.1248
3.1724
3.1232
3.1348
3.1432
3.1648
3.1428
3.1056
3.1512
3.1496
3.1208
3.1304
3.1656
3.1316
3.1396
3.146
3.154
3.1536
3.1384
3.15
3.1164
3.1072
3.122
3.1632
3.1372
3.1572
3.1472
3.1388
3.1544
3.1456
3.1196
3.1612
3.1432
3.1388
3.1376
3.1404
3.1236
3.1468
3.1076
3.1236
3.1432
3.1624
3.1792
3.1448
3.1204
3.1232
3.162
3.1608
3.1236
3.1784
3.1312
3.1244
3.1384
3.1512
3.1276
3.1484
3.1352
3.1344
3.154
3.1392
3.1212
3.1492
3.1412
3.154
3.1152
3.154
3.1212
3.1076
3.164
3.1308
3.1584
3.14
3.1556
3.146
3.1196
3.1432
3.1464
3.16
3.1492
3.1408
3.1404
3.1368
3.1452
3.1272
3.1456
3.1376
3.148
3.1648
3.1424
3.1492
3.158
3.1656
3.134
3.138
3.132
3.166
3.1232
3.1324
3.162
3.1464
3.1448
3.1476
3.1172
3.1376
3.1416
3.156
3.1628
3.1296
3.1376
3.1316
3.1296
3.13
3.138
3.1564
3.1572
3.1264
3.154
3.1148
3.1348
3.1316
3.148
3.174
3.1296
3.1412
3.1264
3.1444
3.1404
3.1492
3.1356
3.128
3.1284
3.1328
3.1328
3.156
3.1304
3.1716
3.128
3.1248
3.1492
3.1372
3.1284
3.1056
3.1392
3.15
3.1472
3.1256
3.1412
3.1188
3.1388
3.132
3.1412
3.1216
3.1576
3.152
3.1624
3.1316
3.1452
3.1472
3.1384
3.1468
3.1128
3.1464
3.1452
3.1296
3.1236
3.144
3.1548
3.1664
3.128
3.1428
3.1284
3.128
3.1372
3.1332
3.1476
3.1184
3.1184
3.1404
3.132
3.1296
3.146
3.1456
3.14
3.1124
3.1444
3.1492
3.1364
3.1176
3.1492
3.1504
3.15
3.1444
3.1376
3.1512
3.1744
3.1136
3.1192
3.1464
3.1616
3.1696
3.1304
3.1288
3.15
3.1264
3.1484
3.1536
3.146
3.0932
3.1316
3.164
3.156
3.1616
3.1288
3.1448
3.1264
3.1524
3.1464
3.1284
3.1552
3.1456
3.1416
3.132
3.1568
3.1488
3.1576
3.1388
3.1716
3.1372
3.1536
3.1232
3.1444
3.1288
3.156
3.122
3.1276
3.1404
3.1592
3.1724
3.1516
3.1644
3.136
3.1676
3.1484
3.1648
3.1332
3.13
3.1544
3.1332
3.1108
3.1312
3.1516
3.1448
3.1512
3.136
3.1076
3.1352
3.1332
3.1464
3.1556
3.1804
3.1348
3.1292
3.142
3.1656
3.1296
3.1492
3.1548
3.1316
3.138
3.1312
3.1468
3.122
3.136
3.1484
3.1396
3.1612
3.1464
3.1448
3.1836
3.1452
3.1344
3.1708
3.1256
3.12
3.1172
3.1292
3.1516
3.1348
3.136
3.1452
3.1528
3.156
3.1536
3.1544
3.1392
3.1808
3.142
3.1024
3.1556
3.1444
3.1152
3.128
3.1524
3.138
3.1888
3.1408
3.1472
3.16
3.1204
3.1576
3.1444
3.1552
3.162
3.1484
3.1604
3.1404
3.1572
3.1488
3.1572
3.1328
3.1392
3.11
3.1464
3.1292
3.1492
3.1388
3.1264
3.1076
3.1364
3.1388
3.1372
3.1296
3.1396
3.1492
3.1128
3.1416
3.1544
3.1348
3.154
3.1468
3.1652
3.1276
3.1696
3.1504
3.1276
3.174
3.1336
3.1448
3.1668
3.1396
3.1536
3.146
3.154
3.1344
3.1368
3.1488
3.1684
3.1588
3.148
3.1088
3.1716
3.1392
3.1252
3.1328
3.1344
3.1536
3.1184
3.1428
3.1444
3.1492
3.148
3.1736
3.1596
3.1344
3.1484
3.1452
3.14
3.1448
3.1424
3.1236
3.1128
3.1316
3.1156
3.142
3.1384
3.148
3.1556
3.1248
3.1576
3.164
3.1324
3.1584
3.1468
3.146
3.1392
3.1516
3.1992
3.152
3.1464
3.1224
3.1512
3.14
3.142
3.1312
3.1196
3.1356
3.1372
3.128
3.1476
3.178
3.1648
3.1388
3.1336
3.1344
3.1296
3.1276
3.118
3.1568
3.1456
3.1188
3.1328
3.1656
3.1424
3.1556
3.1624
3.1464
3.1424
3.1496
3.1224
3.1648
3.1552
3.1348
3.1484
3.1536
3.1548
3.1828
3.1504
3.1488
3.1292
3.1376
3.1848
3.1476
3.1136
3.1484
3.1708
3.1484
3.1408
3.1304
3.1424
3.158
3.1268
3.1416
3.1176
3.158
3.17
3.1444
3.138
3.16
3.11
3.146
3.1424
3.14
3.1308
3.1496
3.1324
3.1336
3.1212
3.1136
3.1564
3.1588
3.1176
3.1428
3.1456
3.1364
3.0996
3.1668
3.1496
3.1296
3.1328
3.132
3.1348
3.1628
3.1404
3.1472
3.126
3.1608
3.1188
3.112
3.1616
3.1476
3.154
3.1232
3.1556
3.1512
3.1352
3.1364
3.1552
3.1336
3.152
3.1284
3.1484
3.1324
3.1528
3.1228
3.1516
3.1472
3.1276
3.1188
3.1464
3.13
3.1428
3.1292
3.1624
3.1488
3.138
3.1808
3.1512
3.1272
3.114
3.1216
3.1548
3.1344
3.1448
3.1132
3.1644
3.1376
3.1224
3.118
3.1204
3.132
3.1624
3.1268
3.154
3.1572
3.136
3.1712
3.122
3.144
3.1428
3.12
3.148
3.1568
3.142
3.1516
3.1532
3.1504
3.1312
3.148
3.1356
3.14
3.1376
3.1412
3.154
3.1532
3.14
3.1692
3.1536
3.1608
3.1716
3.1284
3.1408
3.134
3.1548
3.14
3.1632
3.142
3.1548
3.1572
3.1144
3.1436
3.1708
3.1504
3.1348
3.1216
3.1556
3.1324
3.1472
3.1216
3.1536
3.1496
3.1416
3.1452
3.1352
3.1428
3.1568
3.17
3.158
3.1124
3.158
3.1488
3.1616
3.1512
3.1488
3.1496
3.1436
3.1024
3.1368
3.1644
3.15
3.1616
3.1496
3.1276
3.1468
3.1544
3.1316
3.116
3.1372
3.1604
3.1512
3.1416
3.1344
3.1232
3.1272
3.1432
3.1248
3.146
3.13
3.1252
3.1536
3.1592
3.152
3.1504
3.1372
3.1624
3.158
3.1556
3.154
3.1356
3.1276
3.1448
3.1512
3.17
3.1032
3.1528
3.1504
3.1312
3.1372
3.122
3.114
3.14
3.1372
3.15
3.128
3.136
3.152
3.1404
3.1136
3.124
3.106
3.1424
3.1536
3.1448
3.1124
3.1388
3.1452
3.1464
3.1248
3.1264
3.1588
3.1396
3.1388
3.1548
3.1436
3.1384
3.1428
3.1436
3.1452
3.1344
3.166
3.1588
3.1332
3.1628
3.1352
3.1596
3.1308
3.1532
3.1444
3.1736
3.1332
3.136
3.1456
3.144
3.1356
3.1352
3.132
3.1556
3.1788
3.1488
3.1684
3.1352
3.1396
3.1296
3.1636
3.1152
3.158
3.1332
3.1224
3.1452
3.1312
3.1468
3.1328
3.1236
3.174
3.1372
3.1428
3.1816
3.14
3.136
3.1568
3.1408
3.1732
3.1528
3.1268
3.152
3.148
3.1368
3.1204
3.1456
3.156
3.148
3.152
3.1432
3.1164
3.1032
3.1476
3.1408
3.154
3.1532
3.1572
3.1248
3.1616
3.112
3.152
3.1348
3.1428
3.1344
3.1276
3.1216
3.1392
3.1152
3.1356
3.158
3.1516
3.158
3.16
3.156
3.1664
3.116
3.1264
3.1596
3.1136
3.1356
3.134
3.1376
3.1296
3.1444
3.0988
3.156
3.126
3.1468
3.1348
3.1368
3.1372
3.1368
3.124
3.1528
3.1488
3.118
3.1548
3.1572
3.1408
3.1388
3.1292
3.1344
3.1556
3.13
3.142
3.096
3.17
3.1332
3.1304
3.1476
3.12
3.1536
3.104
3.134
3.1652
3.1536
3.1532
3.1172
3.16
3.1676
3.148
3.1568
3.1676
3.1232
3.1292
3.1312
3.1264
3.1108
3.1364
3.1124
3.1356
3.1552
3.1368
3.1348
3.1664
3.1544
3.148
3.1424
3.146
3.1656
3.128
3.1504
3.1216
3.1144
3.1576
3.1304
3.1452
3.148
3.1388
3.1244
3.168
3.1532
3.1444
3.14
3.1336
3.1452
3.1288
3.1028
3.146
3.1532
3.1136
3.1252
3.1528
3.152
3.1628
3.1628
3.1624
3.1436
3.1572
3.136
3.1212
3.1472
3.1428
3.1516
3.1336
3.1492
3.138
3.144
3.1236
3.1372
3.1504
3.122
3.1428
3.1468
3.1348
3.1296
3.14
3.1632
3.1256
3.1264
3.116
3.1576
3.168
3.1232
3.1476
3.1444
3.1332
3.1488
3.1312
3.1204
3.1432
3.1408
3.1156
3.1636
3.1232
3.1492
3.126
3.1164
3.1232
3.122
3.1508
3.1568
3.1144
3.1348
3.1208
3.1604
3.1192
3.1368
3.1712
3.1592
3.148
3.1276
3.1216
3.1176
3.164
3.1364
3.1472
3.134
3.1116
3.156
3.1552
3.1588
3.1524
3.1484
3.1784
3.1408
3.1464
3.1412
3.1528
3.166
3.1388
3.1536
3.1364
3.1208
3.1648
3.1496
3.1424
3.1208
3.1508
3.1348
3.146
3.1152
3.1436
3.1116
3.1532
3.1328
3.1332
3.1496
3.1388
3.1004
3.1252
3.1596
3.1256
3.1676
3.1376
3.1456
3.1432
3.1504
3.1556
3.1424
3.1344
3.1376
3.1372
3.1544
3.122
3.1388
3.1564
3.1552
3.1448
3.1464
3.1368
3.1496
3.1132
3.152
3.1588
3.138
3.1616
3.1532
3.1548
3.1568
3.1516
3.1552
3.1612
3.1352
3.136
3.1404
3.184
3.1344
3.1316
3.1204
3.138
3.136
3.1324
3.152
3.1552
3.1392
3.1516
3.1464
3.1484
3.1204
3.1324
3.132
3.1132
3.1296
3.1496
3.1164
3.134
3.1532
3.1904
3.128
3.1288
3.1328
3.1628
3.166
3.136
3.1316
3.1384
3.1416
3.1268
3.1372
3.1244
3.1608
3.124
3.1296
3.1532
3.1608
3.1184
3.1344
3.1132
3.138
3.136
3.158
3.1216
3.1484
3.168
3.148
3.15
3.1564
3.138
3.1176
3.152
3.158
3.1696
3.1056
3.128
3.1648
3.1356
3.1508
3.1436
3.1584
3.114
3.1572
3.144
3.1636
3.1276
3.1528
3.1468
3.1144
3.1712
3.1376
3.1304
3.122
3.1632
3.1592
3.146
3.1536
3.1364
3.1364
3.1776
3.1008
3.1444
3.144
3.1472
3.126
3.1444
3.1096
3.1448
3.1448
3.1292
3.1352
3.1532
3.1456
3.1268
3.158
3.1576
3.1364
3.12
3.154
3.1752
3.1292
3.1384
3.1612
3.1208
3.1556
3.1568
3.1516
3.1468
3.13
3.154
3.1372
3.114
3.1252
3.1592
3.1316
3.1104
3.1524
3.1436
3.1236
3.1576
3.1556
3.1572
3.1492
3.13
3.1568
3.13
3.1456
3.1112
3.1376
3.1532
3.1656
3.1056
3.1232
3.1368
3.158
3.12
3.156
3.1592
3.1356
3.1028
3.1704
3.1376
3.1684
3.154
3.1424
3.148
3.156
3.1408
3.1464
3.1808
3.1312
3.148
3.1288
3.1348
3.1412
3.1564
3.1232
3.1312
3.1472
3.1376
3.172
3.1416
3.1092
3.1388
3.1008
3.1716
3.1836
3.134
3.17
3.1576
3.1656
3.1616
3.144
3.1476
3.122
3.1456
3.1336
3.136
3.1572
3.1504
3.1316
3.1176
3.1592
3.128
3.1308
3.16
3.16
3.158
3.1296
3.122
3.1372
3.1224
3.1628
3.1492
3.1328
3.1412
3.1208
3.1364
3.1408
3.134
3.1524
3.1424
3.1196
3.1584
3.1348
3.1512
3.1392
3.1452
3.1312
3.1332
3.1736
3.1308
3.142
3.1548
3.15
3.1536
3.1376
3.1196
3.156
3.1392
3.1232
3.1316
3.1452
3.1368
3.1388
3.1508
3.136
3.1468
3.1388
3.1428
3.1216
3.1272
3.1236
3.1248
3.1256
3.1368
3.1352
3.1192
3.1168
3.13
3.1372
3.136
3.126
3.1524
3.1272
3.1672
3.126
3.1228
3.1268
3.1688
3.122
3.144
3.158
3.136
3.1616
3.1328
3.108
3.1588
3.1468
3.1312
3.142
3.1312
3.1564
3.1328
3.1416
3.1428
3.1348
3.1232
3.1028
3.1384
3.1376
3.1612
3.144
3.1548
3.126
3.1416
3.1308
3.1268
3.1248
3.1172
3.142
3.1272
3.1368
3.1396
3.1844
3.1076
3.1364
3.1288
3.13
3.116
3.1384
3.1384
3.1288
3.142
3.1496
3.1232
3.1292
3.1608
3.1264
3.1508
3.1304
3.1428
3.12
3.1536
3.1716
3.136
3.1352
3.13
3.1276
3.168
3.1692
3.1496
3.1204
3.1544
3.1172
3.138
3.1428
3.1208
3.1224
3.1456
3.1248
3.1284
3.1488
3.1508
3.1468
3.1556
3.1476
3.1672
3.148
3.1488
3.1372
3.132
3.1204
3.1456
3.1704
3.1276
3.1336
3.1564
3.1516
3.12
3.1244
3.142
3.1484
3.1064
3.1844
3.1388
3.13
3.1616
3.1628
3.1476
3.1472
3.1296
3.1228
3.1392
3.1704
3.1508
3.1428
3.1284
3.1588
3.1492
3.1736
3.1596
3.1576
3.1344
3.1392
3.1512
3.1288
3.1528
3.1736
3.1472
3.1096
3.1244
3.1216
3.1544
3.1444
3.1128
3.1304
3.1552
3.162
3.1636
3.16
3.1448
3.1476
3.1492
3.1188
3.1488
3.1436
3.1388
3.1468
3.14
3.1548
3.13
3.1396
3.132
3.1592
3.1412
3.1872
3.16
3.1524
3.1468
3.168
3.146
3.1216
3.1268
3.128
3.1296
3.1464
3.176
3.1792
3.1612
3.1464
3.13
3.1412
3.1108
3.1672
3.1312
3.1476
3.1544
3.1076
3.1928
3.142
3.164
3.1164
3.1152
3.1252
3.1232
3.1284
3.16
3.1516
3.1456
3.1452
3.1628
3.1296
3.1616
3.138
3.1612
3.1612
3.162
3.1696
3.1624
3.1164
3.1536
3.1216
3.1256
3.1344
3.1444
3.1204
3.1144
3.1516
3.124
3.142
3.1412
3.1328
3.1156
3.142
3.148
3.1772
3.1568
3.132
3.1348
3.1612
3.1672
3.1332
3.152
3.1492
3.1528
3.1476
3.1416
3.128
3.132
3.1408
3.144
3.1612
3.1408
3.1468
3.1504
3.1544
3.1244
3.146
3.1376
3.1592
3.134
3.1456
3.1576
3.1428
3.12
3.126
3.1512
3.1028
3.1468
3.1536
3.1468
3.1052
3.1332
3.1616
3.1412
3.1764
3.122
3.118
3.1188
3.1188
3.1368
3.1316
3.1592
3.1624
3.1364
3.1352
3.1512
3.162
3.1252
3.15
3.1576
3.1628
3.1564
3.108
3.1436
3.158
3.1516
3.1304
3.14
3.1404
3.138
3.1232
3.1372
3.1348
3.1372
3.126
3.1572
3.1456
3.152
3.1552
3.1224
3.1592
3.1272
3.1228
3.1472
3.1516
3.136
3.1288
3.1596
3.1488
3.1476
3.1172
3.1412
3.1384
3.1516
3.1432
3.1772
3.134
3.1468
3.1388
3.1228
3.1604
3.1316
3.162
3.144
3.1428
3.1392
3.1304
3.1332
3.1212
3.11
3.1348
3.1596
3.1296
3.1468
3.1008
3.1404
3.158
3.1484
3.1436
3.1332
3.1476
3.1424
3.1628
3.1384
3.154
3.126
3.1612
3.144
3.1512
3.1564
3.1088
3.1632
3.1376
3.1464
3.118
3.1236
3.1528
3.1396
3.158
3.1316
3.1612
3.1348
3.1388
3.1604
3.1232
3.1504
3.1692
3.1648
3.154
3.1512
3.1576
3.1388
3.1316
3.1512
3.1596
3.1768
3.1208
3.1436
3.1344
3.1476
3.1372
3.1448
3.1172
3.1104
3.1592
3.1824
3.1524
3.158
3.1492
3.1664
3.144
3.1056
3.1116
3.112
3.168
3.1492
3.1056
3.1332
3.1188
3.1656
3.1244
3.1304
3.126
3.1388
3.1404
3.142
3.156
3.1172
3.126
3.144
3.1612
3.1684
3.1348
3.1508
3.0976
3.1304
3.1656
3.1612
3.1456
3.1364
3.1412
3.1448
3.17
3.1372
3.1492
3.1692
3.1356
3.1476
3.1512
3.1416
3.128
3.1364
3.1472
3.1372
3.1232
3.1564
3.14
3.1428
3.1608
3.1248
3.154
3.116
3.144
3.1388
3.1264
3.1516
3.122
3.1508
3.1404
3.1536
3.1444
3.1624
3.1344
3.1728
3.1332
3.1184
3.1608
3.162
3.144
3.1236
3.1232
3.1668
3.1348
3.124
3.142
3.1164
3.1376
3.1212
3.116
3.178
3.1476
3.1324
3.158
3.1416
3.1188
3.1676
3.1456
3.1752
3.1608
3.1228
3.1196
3.1312
3.1464
3.1572
3.1188
3.1552
3.1372
3.178
3.146
3.156
3.13
3.144
3.1276
3.1468
3.1544
3.1216
3.1432
3.138
3.1056
3.1124
3.138
3.1296
3.1184
3.1392
3.1516
3.1496
3.1464
3.164
3.156
3.1488
3.1384
3.1104
3.1524
3.146
3.14
3.1184
3.1328
3.132
3.1196
3.1624
3.1444
3.1376
3.1708
3.1448
3.1352
3.1092
3.1732
3.1276
3.1384
3.1504
3.1448
3.1404
3.1764
3.1032
3.0996
3.1484
3.128
3.1568
3.1452
3.1328
3.1464
3.1496
3.1248
3.1404
3.1496
3.1352
3.18
3.1468
3.1548
3.1572
3.13
3.1608
3.1564
3.154
3.1584
3.1312
3.1624
3.1552
3.1596
3.1224
3.1408
3.1464
3.128
3.1392
3.128
3.1564
3.1348
3.1416
3.1224
3.1372
3.1332
3.1672
3.1396
3.1152
3.1324
3.1476
3.1512
3.1308
3.1368
3.1668
3.1348
3.1236
3.1448
3.1336
3.152
3.1568
3.13
3.1212
3.1548
3.134
3.1832
3.14
3.1804
3.1192
3.1272
3.1204
3.1212
3.1448
3.1364
3.1404
3.1348
3.1336
3.128
3.0988
3.1256
3.1204
3.1576
3.1292
3.1348
3.1352
3.1496
3.1272
3.144
3.1624
3.1532
3.1328
3.134
3.164
3.1388
3.1196
3.1528
3.1512
3.182
3.12
3.1424
3.1436
3.1672
3.1324
3.1752
3.1352
3.134
3.1468
3.1524
3.148
3.1628
3.1436
3.1336
3.0872
3.1668
3.1488
3.1548
3.146
3.1692
3.1284
3.1376
3.1364
3.132
3.1204
3.1584
3.1464
3.144
3.1544
3.14
3.1556
3.1188
3.1268
3.1252
3.1588
3.15
3.1416
3.1552
3.152
3.144
3.1548
3.1396
3.104
3.164
3.1436
3.1332
3.1428
3.1108
3.15
3.122
3.152
3.1336
3.1476
3.1296
3.1356
3.1268
3.158
3.1368
3.1528
3.1396
3.126
3.1648
3.1272
3.1204
3.1332
3.1332
3.1296
3.1412
3.148
3.1424
3.1476
3.1532
3.1424
3.138
3.1428
3.128
3.1448
3.1452
3.1368
3.128
3.1376
3.1508
3.1448
3.154
3.1156
3.1496
3.1112
3.148
3.168
3.1636
3.1468
3.144
3.1372
3.1264
3.1104
3.1768
3.158
3.1552
3.1288
3.144
3.1144
3.1592
3.1532
3.168
3.1432
3.1132
3.1604
3.1328
3.1208
3.136
3.1316
3.1332
3.1264
3.118
3.1652
3.1392
3.13
3.1148
3.1308
3.1304
3.1568
3.1648
3.1244
3.1344
3.1216
3.164
3.1044
3.116
3.1452
3.1232
3.1448
3.144
3.1456
3.1444
3.118
3.138
3.1304
3.132
3.1232
3.15
3.124
3.1412
3.1456
3.1436
3.1232
3.1508
3.1016
3.1428
3.1556
3.1364
3.1324
3.1536
3.1692
3.124
3.1108
3.1268
3.136
3.1368
3.1516
3.154
3.1604
3.1568
3.1084
3.1524
3.1276
3.1612
3.118
3.1184
3.1704
3.1348
3.144
3.1424
3.138
3.1412
3.1504
3.1536
3.1416
3.1736
3.1528
3.1792
3.112
3.1528
3.1444
3.122
3.154
3.158
3.1492
3.1332
3.1348
3.162
3.1636
3.094
3.1472
3.1648
3.1464
3.1528
3.146
3.1152
3.118
3.1652
3.1416
3.1496
3.1384
3.1272
3.1524
3.1564
3.1316
3.1312
3.126
3.1468
3.1484
3.1108
3.1488
3.1228
3.158
3.1384
3.1584
3.1732
3.1476
3.1296
3.1456
3.13
3.1536
3.114
3.12
3.1264
3.1532
3.1168
3.1268
3.1488
3.1728
3.1072
3.1544
3.1212
3.1476
3.138
3.0876
3.1352
3.1424
3.1552
3.1544
3.1636
3.1352
3.1344
3.1504
3.1572
3.1464
3.1308
3.1504
3.1264
3.132
3.1596
3.1316
3.1488
3.1208
3.166
3.1136
3.1444
3.1468
3.1396
3.1432
3.1288
3.1308
3.1464
3.1456
3.0936
3.1428
3.1352
3.1244
3.1496
3.1464
3.1648
3.1684
3.148
3.1328
3.1576
3.1576
3.1604
3.1484
3.1276
3.1364
3.1736
3.1556
3.1496
3.1076
3.1168
3.1676
3.1632
3.1372
3.146
3.14
3.1332
3.1608
3.156
3.172
3.1396
3.1424
3.1396
3.1352
3.1412
3.1432
3.1496
3.1548
3.1272
3.126
3.1648
3.1728
3.1284
3.1268
3.1308
3.1848
3.1244
3.156
3.1456
3.1628
3.1164
3.0912
3.1296
3.1252
3.1396
3.14
3.1232
3.156
3.1516
3.1696
3.1748
3.142
3.1556
3.1444
3.1272
3.1448
3.1624
3.1152
3.1448
3.1644
3.1308
3.1316
3.1608
3.1356
3.1356
3.118
3.1156
3.1364
3.1188
3.1328
3.1188
3.1496
3.12
3.1336
3.1212
3.1228
3.1308
3.1328
3.1288
3.1212
3.1468
3.12
3.15
3.1332
3.1356
3.1336
3.1536
3.1344
3.1436
3.1488
3.1164
3.1308
3.1484
3.1356
3.148
3.1156
3.146
3.162
3.1404
3.1436
3.1456
3.1428
3.1372
3.1312
3.1464
3.16
3.1652
3.154
3.1408
3.1472
3.1304
3.1616
3.1436
3.1532
3.1584
3.1744
3.1292
3.1308
3.1448
3.1492
3.1508
3.1508
3.156
3.1684
3.158
3.1548
3.1416
3.1544
3.116
3.1828
3.1464
3.1392
3.1464
3.1312
3.1444
3.13
3.162
3.1356
3.1296
3.126
3.1668
3.1316
3.1612
3.134
3.1284
3.168
3.1492
3.1244
3.1632
3.1572
3.1424
3.1336
3.1512
3.1212
3.1344
3.1316
3.1104
3.1328
3.1564
3.1284
3.1668
3.1616
3.1192
3.1288
3.1364
3.1624
3.148
3.144
3.1512
3.1352
3.1232
3.1328
3.1296
3.144
3.1592
3.1672
3.142
3.1372
3.1752
3.1456
3.1568
3.142
3.1336
3.1316
3.1192
3.15
3.1432
3.1696
3.1192
3.1248
3.1448
3.1244
3.1364
3.126
3.14
3.1492
3.1148
3.1436
3.1328
3.1204
3.1428
3.106
3.1148
3.1432
3.13
3.1288
3.1288
3.1708
3.1272
3.1512
3.1416
3.132
3.144
3.1456
3.1344
3.1532
3.1624
3.1336
3.1568
3.1504
3.136
3.1464
3.1388
3.1592
3.1428
3.1432
3.1284
3.1076
3.1392
3.1608
3.16
3.1268
3.1396
3.1188
3.1548
3.136
3.1476
3.132
3.1268
3.1436
3.1636
3.1468
3.1432
3.1428
3.13
3.1548
3.1384
3.1432
3.1548
3.1432
3.1452
3.1672
3.1288
3.176
3.1584
3.1408
3.1076
3.1316
3.1364
3.1304
3.1528
3.15
3.1684
3.1428
3.1356
3.1484
3.142
3.1348
3.1388
3.1548
3.1364
3.1568
3.1296
3.1492
3.1308
3.1608
3.1536
3.1388
3.1344
3.1628
3.1388
3.154
3.1612
3.1372
3.118
3.1336
3.1384
3.1536
3.146
3.1376
3.1664
3.0756
3.156
3.1308
3.1676
3.13
3.1152
3.146
3.1496
3.1444
3.1532
3.136
3.1316
3.1224
3.1272
3.166
3.1348
3.142
3.1232
3.1572
3.1136
3.1324
3.1416
3.1388
3.1308
3.1264
3.1308
3.1552
3.1232
3.154
3.1236
3.116
3.1324
3.1352
3.162
3.158
3.1504
3.1464
3.1552
3.1276
3.1024
3.1456
3.1256
3.1452
3.1548
3.1664
3.1252
3.1476
3.1296
3.1548
3.1492
3.1412
3.1388
3.1588
3.156
3.12
3.1436
3.1256
3.1632
3.1464
3.15
3.144
3.1204
3.1284
3.1408
3.1484
3.1296
3.12
3.1592
3.1816
3.1524
3.1308
3.1616
3.1216
3.1516
3.1584
3.1332
3.138
3.1364
3.1588
3.146
3.1324
3.1488
3.1652
3.1208
3.13
3.146
3.1336
3.1748
3.142
3.1392
3.1552
3.1336
3.1216
3.1184
3.142
3.1356
3.152
3.152
3.1684
3.1468
3.1592
3.1352
3.1472
3.19
3.1292
3.1148
3.14
3.1292
3.1348
3.1344
3.1268
3.1528
3.1504
3.1176
3.1576
3.12
3.166
3.1528
3.1224
3.1464
3.1564
3.1348
3.1536
3.1596
3.1444
3.1528
3.1324
3.1572
3.1468
3.1192
3.1316
3.166
3.1056
3.1648
3.1324
3.1424
3.1452
3.1432
3.1608
3.1336
3.1408
3.122
3.1304
3.1376
3.124
3.1508
3.1592
3.148
3.1396
3.1148
3.134
3.1316
3.1376
3.11
3.132
3.1524
3.1672
3.1392
3.1376
3.1548
3.158
3.1644
3.1264
3.1372
3.1716
3.1652
3.1388
3.1152
3.1352
3.1572
3.1264
3.1632
3.1388
3.1812
3.1752
3.1416
3.1232
3.1472
3.15
3.1508
3.1388
3.132
3.1004
3.1556
3.1356
3.1356
3.1512
3.1116
3.1372
3.1368
3.1532
3.1512
3.1284
3.13
3.1496
3.1224
3.1412
3.1212
3.1488
3.1524
3.118
3.1584
3.1424
3.1424
3.1688
3.144
3.166
3.1564
3.1464
3.14
3.1484
3.1484
3.1488
3.1476
3.1276
3.136
3.1332
3.1044
3.136
3.1532
3.1244
3.1536
3.152
3.1464
3.1464
3.138
3.1316
3.1648
3.1392
3.15
3.1364
3.1336
3.144
3.1384
3.1304
3.158
3.1484
3.1664
3.1272
3.152
3.1004
3.1392
3.12
3.1512
3.1248
3.1688
3.1584
3.124
3.1732
3.1564
3.1508
3.1216
3.1592
3.1244
3.1356
3.1616
3.1388
3.1388
3.1396
3.1296
3.154
3.1372
3.1588
3.1428
3.1532
3.1348
3.1228
3.1344
3.1252
3.1396
3.1428
3.1336
3.1676
3.1376
3.1352
3.1364
3.1416
3.1444
3.1528
3.132
3.1168
3.1292
3.16
3.176
3.1548
3.1584
3.1564
3.1276
3.1428
3.136
3.1236
3.162
3.138
3.1376
3.1508
3.1476
3.1488
3.172
3.14
3.1536
3.1476
3.1344
3.152
3.1792
3.1256
3.1652
3.1532
3.1132
3.1296
3.1568
3.1592
3.1352
3.1804
3.1628
3.1428
3.1756
3.1132
3.1128
3.0996
3.13
3.1236
3.1372
3.1228
3.1816
3.1372
3.128
3.1516
3.1436
3.1656
3.1512
3.1384
3.156
3.1596
3.1472
3.13
3.17
3.1268
3.1476
3.1616
3.1712
3.1312
3.1468
3.1216
3.1264
3.1504
3.1428
3.164
3.1508
3.1504
3.1548
3.1384
3.1936
3.1636
3.1128
3.1
3.1444
3.136
3.1616
3.134
3.1504
3.1332
3.1432
3.1288
3.1348
3.1524
3.1356
3.138
3.1572
3.1492
3.1316
3.1372
3.142
3.1524
3.1312
3.1504
3.1612
3.1452
3.1588
3.1236
3.1552
3.1372
3.1492
3.158
3.15
3.1416
3.1524
3.1632
3.1216
3.1392
3.11
3.1476
3.1108
3.1656
3.1472
3.1464
3.1508
3.156
3.1284
3.1528
3.1492
3.1492
3.1724
3.122
3.1688
3.1352
3.1548
3.162
3.1284
3.1476
3.1304
3.1628
3.1236
3.1736
3.134
3.1148
3.1676
3.1132
3.1512
3.1444
3.1364
3.1136
3.114
3.1216
3.156
3.1148
3.1316
3.1468
3.116
3.1416
3.1536
3.1768
3.1452
3.1404
3.1256
3.116
3.1436
3.1768
3.1256
3.1536
3.1704
3.1476
3.1288
3.132
3.144
3.158
3.1408
3.1608
3.1408
3.1372
3.1168
3.158
3.1388
3.1324
3.1504
3.1348
3.1576
3.1396
3.1228
3.1204
3.1296
3.1736
3.14
3.1144
3.1464
3.1692
3.1624
3.152
3.108
3.1416
3.132
3.1632
3.128
3.1364
3.1452
3.1404
3.1476
3.1204
3.146
3.144
3.1528
3.1224
3.14
3.1224
3.1552
3.1504
3.1132
3.1384
3.16
3.1444
3.1636
3.14
3.1436
3.138
3.1628
3.1452
3.1616
3.1228
3.1516
3.1292
3.1356
3.1172
3.1108
3.1252
3.1572
3.1608
3.1492
3.1524
3.146
3.126
3.1288
3.15
3.124
3.1272
3.1396
3.1348
3.1548
3.1428
3.1324
3.1144
3.158
3.1324
3.1608
3.152
3.1532
3.17
3.1132
3.1524
3.1324
3.142
3.1368
3.1248
3.1112
3.1168
3.1532
3.1416
3.1388
3.138
3.178
3.1272
3.1524
3.1584
3.1676
3.13
3.1492
3.116
3.1752
3.1348
3.154
3.1452
3.1296
3.1624
3.1452
3.1248
3.1456
3.1444
3.1352
3.136
3.1628
3.1124
3.1504
3.1752
3.15
3.1184
3.1592
3.134
3.1348
3.1252
3.1396
3.1476
3.1104
3.1312
3.14
3.1192
3.1372
3.1848
3.1244
3.134
3.126
3.1216
3.158
3.1208
3.16
3.118
3.1228
3.1528
3.148
3.1508
3.1368
3.162
3.1556
3.1712
3.1028
3.1452
3.1348
3.1352
3.1116
3.1468
3.1576
3.1056
3.158
3.1352
3.1648
3.1536
3.1388
3.1544
3.1388
3.1692
3.1172
3.1364
3.138
3.1192
3.1296
3.148
3.1428
3.138
3.144
3.128
3.1556
3.1536
3.1132
3.1412
3.15
3.1328
3.158
3.1172
3.152
3.146
3.1304
3.1348
3.1224
3.1396
3.1416
3.1184
3.1504
3.1048
3.0992
3.144
3.1484
3.1584
3.1548
3.1384
3.1028
3.1624
3.1428
3.1264
3.148
3.136
3.1708
3.17
3.1468
3.1444
3.1236
3.1244
3.1864
3.124
3.1536
3.1548
3.1672
3.1304
3.1384
3.14
3.1484
3.144
3.1148
3.1244
3.142
3.13
3.1332
3.1704
3.1024
3.1296
3.1348
3.134
3.1428
3.1424
3.1432
3.1472
3.1356
3.1552
3.1372
3.114
3.144
3.1704
3.13
3.1488
3.1356
3.1172
3.136
3.1264
3.1452
3.1328
3.1152
3.1552
3.1552
3.1644
3.1492
3.1784
3.1444
3.1556
3.1408
3.1404
3.1512
3.1496
3.1268
3.1476
3.1276
3.1348
3.118
3.1436
3.128
3.1436
3.1512
3.138
3.1096
3.1368
3.1444
3.1336
3.146
3.1536
3.1652
3.1396
3.136
3.136
3.1364
3.134
3.1388
3.1364
3.1716
3.158
3.14
3.1432
3.1124
3.1572
3.1768
3.1392
3.1388
3.16
3.1232
3.1316
3.1376
3.1324
3.162
3.1432
3.1588
3.13
3.1616
3.148
3.1504
3.158
3.1568
3.1156
3.1492
3.1352
3.1472
3.1104
3.1308
3.1688
3.1588
3.1556
3.1524
3.1108
3.1764
3.1584
3.148
3.1496
3.1628
3.158
3.1504
3.1428
3.1564
3.1116
3.1496
3.1248
3.1448
3.124
3.134
3.162
3.1276
3.152
3.1292
3.1184
3.1808
3.1364
3.168
3.1408
3.1376
3.104
3.1284
3.126
3.1524
3.1496
3.1196
3.1272
3.1416
3.1256
3.1516
3.1524
3.1356
3.1448
3.1552
3.1472
3.1684
3.1228
3.1292
3.1628
3.1376
3.1456
3.1236
3.1592
3.1276
3.1256
3.138
3.1476
3.1348
3.1516
3.1376
3.136
3.1588
3.1268
3.1148
3.1648
3.1656
3.132
3.164
3.168
3.1408
3.1208
3.1412
3.1068
3.1572
3.114
3.1228
3.1656
3.1332
3.1608
3.1368
3.1592
3.1388
3.1356
3.1612
3.172
3.1456
3.1288
3.1648
3.106
3.1296
3.1348
3.1416
3.1364
3.1132
3.1188
3.1532
3.1556
3.124
3.152
3.1396
3.1424
3.1476
3.1164
3.154
3.144
3.1696
3.1524
3.1232
3.156
3.1128
3.146
3.1392
3.1588
3.1768
3.1492
3.1256
3.1396
3.168
3.1488
3.1412
3.1768
3.1208
3.158
3.138
3.1344
3.1328
3.1368
3.154
3.1464
3.15
3.17
3.1484
3.136
3.1548
3.1424
3.1712
3.1072
3.1672
3.1396
3.1612
3.166
3.136
3.1448
3.1524
3.1472
3.1204
3.1288
3.1524
3.1464
3.184
3.1408
3.1548
3.1316
3.142
3.1356
3.138
3.1596
3.1376
3.1308
3.1576
3.1284
3.1488
3.1808
3.1476
3.1712
3.1292
3.1256
3.146
3.1308
3.1428
3.1476
3.1308
3.1756
3.1364
3.1236
3.1288
3.1272
3.138
3.132
3.1244
3.1808
3.1492
3.1664
3.136
3.1396
3.1368
3.152
3.1584
3.1464
3.1512
3.134
3.126
3.1548
3.148
3.128
3.1384
3.1304
3.1288
3.1808
3.172
3.1404
3.152
3.1532
3.1684
3.1408
3.142
3.1328
3.1388
3.1292
3.1212
3.1404
3.1524
3.1296
3.1264
3.1852
3.1472
3.142
3.1684
3.16
3.1156
3.1324
3.1504
3.1196
3.1348
3.152
3.1392
3.1336
3.146
3.1348
3.162
3.154
3.1368
3.1188
3.1352
3.1376
3.1348
3.1732
3.12
3.1524
3.1444
3.1276
3.1468
3.1456
3.16
3.1372
3.1096
3.1296
3.1224
3.1212
3.1492
3.1396
3.1248
3.1504
3.1232
3.1572
3.1248
3.1408
3.1472
3.1436
3.126
3.1488
3.1564
3.1396
3.1308
3.0896
3.154
3.1608
3.1256
3.1808
3.15
3.1136
3.1512
3.1548
3.1184
3.1392
3.1296
3.138
3.13
3.1372
3.142
3.15
3.126
3.1636
3.1624
3.1104
3.1556
3.1444
3.1556
3.1208
3.136
3.1316
3.1292
3.1444
3.1144
3.126
3.1632
3.154
3.1448
3.1532
3.142
3.124
3.1804
3.1352
3.1652
3.1432
3.1544
3.1368
3.1208
3.1356
3.1596
3.1436
3.1576
3.142
3.1308
3.1528
3.1696
3.1264
3.1644
3.1256
3.1468
3.1436
3.1452
3.1404
3.142
3.136
3.1544
3.1788
3.1452
3.18
3.1432
3.1412
3.1328
3.1788
3.1432
3.1332
3.1604
3.1352
3.174
3.1488
3.1616
3.1488
3.1412
3.1364
3.144
3.1456
3.1392
3.1388
3.1464
3.1512
3.156
3.128
3.1336
3.1264
3.1344
3.1532
3.1308
3.1216
3.102
3.1276
3.1136
3.1492
3.1504
3.1408
3.1492
3.1204
3.1436
3.1264
3.146
3.1468
3.1528
3.1616
3.1424
3.1564
3.1168
3.1504
3.1196
3.1348
3.1432
3.1476
3.1512
3.16
3.1356
3.1664
3.1456
3.1228
3.1404
3.1188
3.128
3.1156
3.164
3.1232
3.1352
3.1624
3.1348
3.162
3.1368
3.13
3.13
3.1292
3.1512
3.1412
3.148
3.1436
3.154
3.136
3.1592
3.1172
3.1616
3.1672
3.1388
3.1236
3.1472
3.148
3.1372
3.168
3.112
3.1344
3.1764
3.1472
3.1528
3.1696
3.1588
3.136
3.1272
3.158
3.1388
3.1244
3.1336
3.1608
3.1172
3.1572
3.1672
3.1704
3.1492
3.1452
3.1292
3.1384
3.122
3.1184
3.144
3.1244
3.142
3.1288
3.1376
3.1404
3.1124
3.1356
3.1456
3.1412
3.1224
3.1188
3.114
3.1588
3.1532
3.144
3.1148
3.1408
3.126
3.1412
3.1332
3.1072
3.144
3.1576
3.1444
3.1728
3.1852
3.1588
3.162
3.1496
3.1424
3.164
3.1252
3.1524
3.1472
3.1388
3.1152
3.1356
3.138
3.1212
3.1696
3.146
3.1284
3.156
3.1436
3.1472
3.1716
3.1372
3.1392
3.1316
3.1596
3.1576
3.138
3.1304
3.1268
3.1496
3.1232
3.1312
3.13
3.1272
3.1556
3.1308
3.1732
3.1488
3.1536
3.14
3.16
3.1368
3.158
3.12
3.1432
3.1764
3.132
3.1344
3.126
3.164
3.148
3.1248
3.1472
3.1096
3.1404
3.1352
3.1548
3.1592
3.158
3.1024
3.1744
3.1168
3.1428
3.1424
3.1356
3.1356
3.1544
3.108
3.1336
3.168
3.1284
3.1604
3.1644
3.1284
3.128
3.1744
3.1684
3.1476
3.1356
3.1068
3.1392
3.156
3.1388
3.1428
3.1468
3.1572
3.1904
3.1484
3.18
3.1504
3.1664
3.1276
3.1692
3.1668
3.162
3.1316
3.1516
3.15
3.1312
3.1496
3.1408
3.1472
3.1324
3.1228
3.142
3.1356
3.13
3.142
3.1256
3.1316
3.1336
3.1344
3.136
3.1484
3.158
3.1136
3.1352
3.14
3.1232
3.1568
3.1416
3.1316
3.1668
3.1372
3.1364
3.152
3.1508
3.1064
3.1424
3.1424
3.14
3.1312
3.1448
3.128
3.1376
3.1596
3.1392
3.1252
3.1452
3.1504
3.1316
3.1068
3.1188
3.1136
3.1596
3.1316
3.1548
3.1636
3.1372
3.1412
3.1312
3.1436
3.1208
3.152
3.1564
3.1176
3.1432
3.1336
3.1384
3.1356
3.0724
3.15
3.134
3.1264
3.162
3.1148
3.1468
3.1116
3.1388
3.1224
3.1472
3.1392
3.1096
3.144
3.124
3.1432
3.1204
3.1292
3.1636
3.1484
3.13
3.1288
3.1448
3.168
3.1112
3.1616
3.1464
3.1532
3.1316
3.1496
3.1524
3.1396
3.1344
3.1208
3.1688
3.142
3.1288
3.1388
3.1236
3.1412
3.1776
3.1516
3.1556
3.1452
3.142
3.1796
3.1244
3.1088
3.14
3.1164
3.1304
3.162
3.1388
3.1104
3.1672
3.1336
3.1576
3.1416
3.136
3.146
3.1452
3.11
3.0932
3.1504
3.1336
3.126
3.1324
3.1404
3.1424
3.1436
3.138
3.1684
3.1636
3.1384
3.1332
3.1776
3.13
3.1296
3.1316
3.156
3.13
3.1236
3.14
3.1392
3.104
3.1448
3.1544
3.1376
3.158
3.1184
3.1444
3.136
3.1552
3.154
3.1824
3.1468
3.1476
3.126
3.1764
3.1344
3.1616
3.166
3.1608
3.132
3.1472
3.12
3.1584
3.1336
3.1396
3.1332
3.1608
3.1304
3.1312
3.1408
3.1488
3.1496
3.1144
3.136
3.148
3.1676
3.1648
3.126
3.1392
3.1756
3.1456
3.1908
3.1336
3.1572
3.1544
3.1676
3.1308
3.1368
3.1396
3.092
3.1028
3.1116
3.172
3.1292
3.1504
3.1636
3.1556
3.1544
3.17
3.13
3.1584
3.1736
3.1376
3.1488
3.1504
3.1408
3.1788
3.1844
3.1296
3.1252
3.1224
3.1552
3.122
3.154
3.136
3.1028
3.1536
3.1232
3.1552
3.1212
3.1444
3.15
3.1384
3.1404
3.1332
3.1576
3.168
3.146
3.1468
3.1428
3.1632
3.1488
3.1752
3.1496
3.1272
3.172
3.1384
3.1692
3.1476
3.1432
3.1252
3.1104
3.1576
3.1284
3.146
3.1144
3.124
3.1368
3.154
3.1296
3.1556
3.1572
3.1684
3.1464
3.1404
3.152
3.1556
3.1476
3.1628
3.1256
3.1612
3.1248
3.136
3.1576
3.124
3.1356
3.1324
3.1196
3.1384
3.1532
3.1632
3.162
3.142
3.1412
3.1572
3.13
3.1436
3.1088
3.12
3.124
3.144
3.1344
3.1548
3.1444
3.1476
3.1164
3.1388
3.1672
3.1676
3.1344
3.158
3.1528
3.1328
3.1372
3.16
3.1772
3.1368
3.1728
3.1348
3.1416
3.152
3.1592
3.1492
3.1176
3.1444
3.134
3.1468
